,Data,dax,spx,nkx,dey10,jpy10,usy10,eurjpy,eurusd,usdjpy
0,2018-01-04,13167.89,2723.99,23506.33,0.433,0.056,2.4562,136.143,1.20719,112.777
1,2018-01-05,13319.64,2743.15,23714.53,0.439,0.06,2.4799,136.213,1.2042,113.116
2,2018-01-09,13385.59,2751.29,23849.99,0.465,0.068,2.553,134.428,1.19359,112.625
3,2018-01-10,13281.34,2748.23,23788.2,0.476,0.087,2.557,133.115,1.19496,111.398
4,2018-01-11,13202.9,2767.56,23710.43,0.517,0.07,2.54,133.91,1.20386,111.234
5,2018-01-12,13245.03,2786.24,23653.82,0.511,0.075,2.548,135.33,1.219,111.017
6,2018-01-16,13246.33,2776.42,23951.81,0.56,0.08,2.537,135.366,1.22561,110.44
7,2018-01-17,13183.96,2802.56,23868.34,0.561,0.084,2.59,135.471,1.21655,111.352
8,2018-01-18,13281.43,2798.03,23763.37,0.573,0.081,2.627,135.931,1.22409,111.052
9,2018-01-19,13434.45,2810.3,23808.06,0.569,0.084,2.659,135.377,1.22198,110.785
10,2018-01-22,13463.69,2832.97,23816.33,0.567,0.079,2.65,136.011,1.2261,110.93
11,2018-01-23,13559.6,2839.13,24124.15,0.56,0.073,2.617,135.623,1.22975,110.285
12,2018-01-24,13414.74,2837.54,23940.78,0.585,0.08,2.65,135.444,1.24046,109.19
13,2018-01-25,13298.36,2839.25,23669.49,0.609,0.084,2.617,135.681,1.23735,109.655
14,2018-01-26,13340.17,2872.87,23631.88,0.626,0.076,2.664,135.01,1.2419,108.713
15,2018-01-29,13324.48,2853.53,23629.34,0.696,0.084,2.697,134.963,1.23825,108.995
16,2018-01-30,13197.71,2822.43,23291.97,0.683,0.092,2.72,134.927,1.24053,108.766
17,2018-01-31,13189.48,2823.81,23098.29,0.695,0.084,2.709,135.54,1.24125,109.198
18,2018-02-01,13003.9,2821.98,23486.11,0.721,0.095,2.793,136.883,1.25049,109.456
19,2018-02-02,12785.16,2762.13,23274.53,0.768,0.087,2.841,137.205,1.24612,110.106
20,2018-02-05,12687.49,2648.94,22682.08,0.737,0.083,2.706,135.061,1.23758,109.134
21,2018-02-06,12392.66,2695.14,21610.24,0.694,0.077,2.805,135.851,1.23833,109.706
22,2018-02-07,12590.43,2681.66,21645.37,0.744,0.073,2.84,134.026,1.22538,109.375
23,2018-02-08,12260.29,2581.0,21890.86,0.762,0.079,2.824,133.199,1.22477,108.761
24,2018-02-09,12107.48,2619.55,21382.62,0.745,0.07,2.851,133.146,1.22351,108.823
25,2018-02-13,12196.5,2662.94,21244.68,0.749,0.065,2.829,133.167,1.23498,107.83
26,2018-02-14,12339.16,2698.63,21154.17,0.757,0.063,2.906,133.229,1.2454,106.976
27,2018-02-15,12346.17,2731.2,21464.98,0.765,0.063,2.913,132.748,1.2501,106.19
28,2018-02-16,12451.96,2732.22,21720.25,0.705,0.059,2.879,131.872,1.24063,106.295
29,2018-02-20,12487.9,2716.26,21925.1,0.735,0.063,2.89,132.388,1.23357,107.322
30,2018-02-21,12470.49,2701.33,21970.81,0.723,0.054,2.95,132.275,1.22756,107.754
31,2018-02-22,12461.91,2703.96,21736.44,0.707,0.053,2.922,131.596,1.23297,106.731
32,2018-02-23,12483.79,2747.3,21892.78,0.651,0.049,2.868,131.383,1.22924,106.881
33,2018-02-26,12527.04,2779.6,22153.63,0.654,0.05,2.866,131.761,1.23133,107.007
34,2018-02-27,12490.73,2744.28,22389.86,0.677,0.044,2.897,131.353,1.22358,107.351
35,2018-02-28,12435.85,2713.83,22068.24,0.659,0.05,2.862,130.048,1.21935,106.654
36,2018-03-01,12190.94,2677.67,21724.47,0.645,0.056,2.808,130.229,1.22746,106.097
37,2018-03-02,11913.71,2691.25,21181.64,0.652,0.067,2.864,130.332,1.23293,105.71
38,2018-03-05,12090.87,2720.94,21042.09,0.646,0.044,2.883,131.015,1.23344,106.219
39,2018-03-06,12113.87,2728.12,21417.76,0.676,0.052,2.89,131.257,1.24214,105.67
40,2018-03-07,12245.36,2726.8,21252.72,0.656,0.049,2.886,131.715,1.24108,106.129
41,2018-03-08,12355.57,2738.97,21368.07,0.626,0.054,2.861,130.88,1.23134,106.29
42,2018-03-09,12346.68,2786.57,21469.2,0.646,0.05,2.894,131.458,1.23062,106.823
43,2018-03-12,12418.39,2783.02,21824.03,0.629,0.049,2.866,131.238,1.23337,106.406
44,2018-03-13,12221.03,2765.31,21968.1,0.618,0.05,2.844,131.992,1.23937,106.499
45,2018-03-14,12237.74,2749.48,21777.29,0.593,0.049,2.819,131.504,1.23683,106.324
46,2018-03-15,12345.56,2747.33,21803.95,0.575,0.045,2.826,130.804,1.23062,106.291
47,2018-03-16,12389.58,2752.01,21676.51,0.572,0.035,2.845,130.276,1.22889,106.011
48,2018-03-19,12217.02,2712.92,21480.9,0.568,0.039,2.855,130.804,1.23349,106.044
49,2018-03-20,12307.33,2716.94,21380.97,0.584,0.039,2.9,130.454,1.22456,106.531
50,2018-03-22,12100.08,2643.69,21591.99,0.528,0.035,2.823,129.185,1.23204,104.854
51,2018-03-23,11886.31,2588.26,20617.86,0.527,0.019,2.813,129.376,1.23537,104.726
52,2018-03-26,11787.26,2658.55,20766.1,0.521,0.024,2.856,131.28,1.24478,105.464
53,2018-03-27,11970.83,2612.62,21317.32,0.504,0.034,2.775,130.749,1.24065,105.388
54,2018-03-28,11940.71,2605.0,21031.31,0.504,0.034,2.783,131.476,1.23103,106.802
55,2018-03-29,12096.73,2640.87,21159.08,0.494,0.039,2.741,131.007,1.23022,106.49
56,2018-04-03,12002.45,2614.45,21292.29,0.5,0.026,2.779,130.805,1.22701,106.605
57,2018-04-04,11957.9,2644.69,21319.55,0.502,0.029,2.803,131.133,1.22826,106.763
58,2018-04-05,12305.19,2662.84,21645.42,0.522,0.04,2.834,131.471,1.22392,107.418
59,2018-04-06,12241.27,2604.47,21567.52,0.499,0.039,2.777,131.289,1.22853,106.867
60,2018-04-09,12261.75,2613.16,21678.26,0.505,0.036,2.783,131.594,1.23222,106.794
61,2018-04-10,12397.32,2656.87,21794.32,0.517,0.034,2.801,132.429,1.23536,107.199
62,2018-04-11,12293.97,2642.19,21687.1,0.5,0.031,2.781,132.088,1.23677,106.801
63,2018-04-12,12415.01,2663.99,21660.28,0.517,0.034,2.839,132.272,1.23266,107.306
64,2018-04-13,12442.4,2656.3,21778.74,0.512,0.035,2.827,132.486,1.23385,107.376
65,2018-04-16,12391.41,2677.84,21835.53,0.525,0.039,2.83,132.639,1.23806,107.135
66,2018-04-17,12585.57,2706.39,21847.59,0.508,0.039,2.83,132.422,1.2374,107.017
67,2018-04-18,12590.83,2708.64,22158.2,0.532,0.036,2.875,132.732,1.23782,107.23
68,2018-04-19,12567.42,2693.13,22191.18,0.601,0.039,2.912,132.59,1.23462,107.394
69,2018-04-20,12540.5,2670.14,22162.24,0.592,0.058,2.96,132.219,1.22825,107.649
70,2018-04-23,12572.39,2670.29,22088.04,0.633,0.061,2.975,132.727,1.22087,108.715
71,2018-04-24,12550.82,2634.56,22278.12,0.63,0.054,3.001,133.132,1.22338,108.819
72,2018-04-25,12422.3,2639.4,22215.32,0.632,0.062,3.03,133.054,1.21627,109.396
73,2018-04-26,12500.47,2666.94,22319.61,0.595,0.058,2.985,132.322,1.21055,109.312
74,2018-04-27,12580.87,2669.91,22467.87,0.573,0.053,2.957,132.306,1.213,109.073
75,2018-05-02,12802.25,2635.67,22472.78,0.582,0.044,2.966,131.338,1.1956,109.851
76,2018-05-07,12948.14,2672.63,22467.16,0.533,0.044,2.952,130.057,1.19223,109.087
77,2018-05-08,12912.21,2671.92,22508.69,0.563,0.048,2.98,129.377,1.18627,109.062
78,2018-05-09,12943.06,2697.79,22408.88,0.559,0.049,3.006,130.056,1.18519,109.735
79,2018-05-10,13022.87,2723.07,22497.18,0.558,0.049,2.964,130.388,1.19165,109.418
80,2018-05-11,13001.24,2727.72,22758.48,0.556,0.043,2.971,130.571,1.19446,109.314
81,2018-05-14,12977.71,2730.13,22865.86,0.613,0.048,3.006,130.83,1.19269,109.693
82,2018-05-15,12970.04,2711.45,22818.02,0.647,0.054,3.074,130.624,1.18381,110.342
83,2018-05-16,12996.33,2722.46,22717.23,0.607,0.054,3.1,130.275,1.18118,110.292
84,2018-05-17,13114.61,2720.13,22838.37,0.639,0.059,3.115,130.672,1.1795,110.786
85,2018-05-18,13077.72,2712.97,22930.36,0.577,0.07,3.056,130.298,1.17678,110.725
86,2018-05-22,13169.92,2724.44,22960.34,0.559,0.052,3.062,130.636,1.17784,110.911
87,2018-05-23,12976.84,2733.29,22689.74,0.508,0.044,2.993,128.681,1.17041,109.945
88,2018-05-24,12855.09,2727.76,22437.01,0.47,0.045,2.979,128.014,1.17225,109.204
89,2018-05-25,12938.01,2721.33,22450.79,0.405,0.049,2.931,127.652,1.16606,109.473
90,2018-05-29,12666.51,2689.86,22358.43,0.261,0.033,2.784,125.365,1.15452,108.586
91,2018-05-30,12783.76,2724.01,22018.52,0.37,0.031,2.857,127.056,1.16675,108.897
92,2018-05-31,12604.89,2705.27,22201.82,0.34,0.035,2.859,127.189,1.16929,108.778
93,2018-06-01,12724.27,2734.62,22171.35,0.385,0.043,2.904,127.72,1.16575,109.561
94,2018-06-04,12770.75,2746.87,22475.94,0.419,0.048,2.944,128.443,1.16971,109.807
95,2018-06-05,12787.13,2748.8,22539.54,0.368,0.049,2.931,128.699,1.17175,109.834
96,2018-06-06,12830.07,2772.35,22625.73,0.464,0.051,2.975,129.721,1.1777,110.147
97,2018-06-07,12811.05,2770.37,22823.26,0.484,0.049,2.922,129.431,1.17982,109.704
98,2018-06-08,12766.55,2779.03,22694.5,0.447,0.047,2.95,128.787,1.17668,109.45
99,2018-06-11,12842.91,2782.0,22804.04,0.494,0.044,2.955,129.679,1.17826,110.061
100,2018-06-12,12842.3,2786.85,22878.35,0.491,0.049,2.963,129.653,1.17456,110.384
101,2018-06-13,12890.58,2775.63,22966.38,0.484,0.049,2.966,130.038,1.17941,110.257
102,2018-06-14,13107.1,2782.49,22738.61,0.427,0.043,2.939,128.085,1.15733,110.673
103,2018-06-15,13010.55,2779.66,22851.75,0.403,0.034,2.922,128.397,1.16092,110.6
104,2018-06-18,12834.11,2773.75,22680.33,0.4,0.034,2.921,128.473,1.16216,110.547
105,2018-06-19,12677.97,2762.59,22278.48,0.372,0.033,2.9,127.468,1.15848,110.03
106,2018-06-20,12695.16,2767.32,22555.43,0.378,0.034,2.941,127.722,1.1574,110.353
107,2018-06-21,12511.91,2749.76,22693.04,0.336,0.034,2.899,127.563,1.16083,109.889
108,2018-06-22,12579.72,2754.88,22516.83,0.339,0.031,2.897,128.237,1.16589,109.99
109,2018-06-25,12270.33,2717.07,22338.15,0.329,0.029,2.882,128.404,1.1701,109.736
110,2018-06-26,12234.34,2723.06,22342.0,0.34,0.034,2.878,128.147,1.1647,110.026
111,2018-06-27,12348.61,2699.63,22271.77,0.321,0.034,2.829,127.421,1.15589,110.236
112,2018-06-28,12177.23,2716.31,22270.39,0.321,0.033,2.838,127.731,1.1563,110.466
113,2018-06-29,12306.0,2718.37,22304.51,0.303,0.031,2.862,129.259,1.16769,110.697
114,2018-07-02,12238.17,2726.71,21811.93,0.302,0.023,2.871,128.992,1.16353,110.862
115,2018-07-03,12349.14,2713.22,21785.54,0.294,0.029,2.833,128.926,1.16586,110.585
116,2018-07-05,12464.29,2736.61,21546.99,0.297,0.034,2.833,129.37,1.169,110.667
117,2018-07-06,12496.17,2759.82,21788.14,0.292,0.031,2.824,129.708,1.17464,110.423
118,2018-07-09,12543.89,2784.17,22052.18,0.303,0.032,2.86,130.229,1.17484,110.848
119,2018-07-10,12609.85,2793.84,22196.89,0.319,0.04,2.849,130.297,1.17394,110.991
120,2018-07-11,12417.13,2774.02,21932.21,0.311,0.039,2.851,130.669,1.1674,111.935
121,2018-07-12,12492.97,2798.29,22187.96,0.3,0.039,2.849,131.311,1.16689,112.527
122,2018-07-13,12540.73,2801.31,22597.35,0.284,0.049,2.827,131.232,1.16827,112.331
123,2018-07-17,12661.54,2809.55,22697.36,0.347,0.041,2.864,131.634,1.16588,112.905
124,2018-07-18,12765.94,2815.62,22794.19,0.343,0.044,2.871,131.394,1.16441,112.841
125,2018-07-19,12686.29,2804.49,22764.68,0.331,0.039,2.838,130.941,1.16453,112.438
126,2018-07-20,12561.42,2801.83,22697.88,0.373,0.033,2.897,130.777,1.17284,111.504
127,2018-07-23,12548.57,2806.98,22396.99,0.408,0.083,2.958,130.109,1.16892,111.307
128,2018-07-24,12689.39,2820.4,22510.48,0.397,0.084,2.95,129.922,1.16832,111.204
129,2018-07-25,12579.33,2846.07,22614.25,0.396,0.069,2.976,129.973,1.17241,110.859
130,2018-07-26,12809.23,2837.44,22586.87,0.407,0.092,2.978,129.484,1.16395,111.245
131,2018-07-27,12860.4,2818.82,22712.75,0.404,0.102,2.956,129.413,1.16597,110.991
132,2018-07-30,12798.2,2802.6,22544.84,0.447,0.102,2.975,129.994,1.17054,111.055
133,2018-07-31,12805.5,2816.29,22553.72,0.444,0.062,2.962,130.72,1.16878,111.843
134,2018-08-01,12737.05,2813.36,22746.7,0.478,0.128,3.008,130.244,1.16607,111.695
135,2018-08-02,12546.33,2827.22,22512.53,0.461,0.121,2.986,129.352,1.15864,111.641
136,2018-08-03,12615.76,2840.35,22525.18,0.411,0.109,2.953,128.713,1.15726,111.222
137,2018-08-06,12598.21,2850.4,22507.32,0.394,0.107,2.943,128.695,1.15525,111.4
138,2018-08-07,12648.19,2858.45,22662.74,0.409,0.109,2.975,129.167,1.15967,111.382
139,2018-08-08,12633.54,2857.7,22644.31,0.399,0.111,2.962,128.829,1.1614,110.926
140,2018-08-09,12676.11,2853.58,22598.39,0.377,0.114,2.928,128.077,1.15279,111.102
141,2018-08-10,12424.35,2833.28,22298.08,0.323,0.101,2.877,126.337,1.14027,110.796
142,2018-08-13,12358.74,2821.93,21857.43,0.311,0.099,2.88,126.312,1.14056,110.745
143,2018-08-14,12358.87,2839.96,22356.08,0.329,0.106,2.902,126.19,1.13456,111.224
144,2018-08-15,12163.01,2818.37,22204.22,0.305,0.096,2.864,125.595,1.13461,110.694
145,2018-08-16,12237.17,2840.69,22192.04,0.318,0.099,2.868,126.19,1.13748,110.939
146,2018-08-17,12210.55,2850.13,22270.38,0.306,0.096,2.864,126.537,1.14394,110.615
147,2018-08-20,12331.3,2857.05,22199.0,0.305,0.095,2.821,126.439,1.14906,110.037
148,2018-08-21,12384.49,2862.96,22219.73,0.331,0.09,2.832,127.482,1.15717,110.167
149,2018-08-22,12385.7,2861.82,22362.55,0.345,0.094,2.821,128.169,1.15947,110.541
150,2018-08-23,12365.58,2856.98,22410.82,0.339,0.095,2.826,128.473,1.15433,111.296
151,2018-08-24,12394.52,2874.69,22601.77,0.344,0.098,2.813,129.258,1.16258,111.183
152,2018-08-27,12538.31,2896.74,22799.64,0.378,0.095,2.848,129.703,1.16793,111.054
153,2018-08-28,12527.42,2897.52,22813.47,0.382,0.095,2.884,130.005,1.16934,111.178
154,2018-08-29,12561.68,2914.04,22848.22,0.405,0.099,2.886,130.831,1.17092,111.734
155,2018-08-30,12494.24,2901.13,22869.5,0.347,0.109,2.857,129.54,1.16673,111.029
156,2018-08-31,12364.06,2901.52,22865.15,0.328,0.106,2.862,128.966,1.16098,111.084
157,2018-09-04,12210.21,2896.72,22696.9,0.357,0.119,2.9,129.062,1.15809,111.444
158,2018-09-05,12040.46,2888.6,22580.83,0.382,0.114,2.902,129.707,1.16335,111.494
159,2018-09-06,11955.25,2878.05,22487.94,0.358,0.109,2.873,128.647,1.16234,110.677
160,2018-09-07,11959.63,2871.68,22307.06,0.39,0.109,2.942,128.304,1.15591,110.998
161,2018-09-10,11986.34,2877.13,22373.09,0.401,0.114,2.931,128.832,1.15963,111.097
162,2018-09-11,11970.27,2887.89,22664.69,0.434,0.109,2.979,129.462,1.15999,111.607
163,2018-09-12,12032.3,2888.92,22604.61,0.412,0.109,2.965,129.381,1.16286,111.25
164,2018-09-13,12055.55,2904.18,22821.32,0.426,0.111,2.972,130.837,1.16899,111.923
165,2018-09-14,12124.33,2904.98,23094.67,0.451,0.114,3.0,130.19,1.1624,112.002
166,2018-09-18,12157.67,2904.31,23420.54,0.481,0.113,3.059,131.15,1.16713,112.369
167,2018-09-19,12219.02,2907.95,23672.52,0.49,0.12,3.063,131.05,1.16732,112.271
168,2018-09-20,12326.48,2930.75,23674.93,0.471,0.118,3.066,132.466,1.17774,112.494
169,2018-09-21,12430.88,2929.67,23869.93,0.461,0.129,3.065,132.248,1.17479,112.573
170,2018-09-25,12374.66,2915.56,23940.26,0.542,0.13,3.098,132.9,1.17658,112.954
171,2018-09-26,12385.89,2905.97,24033.79,0.524,0.124,3.05,132.32,1.17425,112.681
172,2018-09-27,12435.59,2914.0,23796.74,0.529,0.12,3.054,131.996,1.16389,113.407
173,2018-09-28,12246.73,2913.98,24120.04,0.472,0.128,3.065,131.928,1.16109,113.624
174,2018-10-01,12339.03,2924.59,24245.76,0.474,0.132,3.084,131.952,1.15749,113.999
175,2018-10-02,12287.58,2923.43,24270.62,0.422,0.129,3.067,131.23,1.15469,113.649
176,2018-10-04,12244.14,2901.61,23975.62,0.529,0.158,3.187,131.147,1.15149,113.893
177,2018-10-05,12111.9,2885.57,23783.72,0.575,0.149,3.235,130.998,1.15239,113.675
178,2018-10-09,11977.22,2880.34,23469.39,0.548,0.159,3.208,129.834,1.14934,112.973
179,2018-10-10,11712.5,2785.68,23506.04,0.554,0.154,3.165,129.419,1.15271,112.274
180,2018-10-11,11539.35,2728.37,22590.86,0.519,0.144,3.15,130.002,1.15919,112.149
181,2018-10-12,11523.81,2767.13,22694.66,0.495,0.149,3.161,129.688,1.15576,112.21
182,2018-10-15,11614.16,2750.79,22271.3,0.503,0.142,3.158,129.469,1.15823,111.782
183,2018-10-16,11776.55,2809.92,22549.24,0.488,0.149,3.165,129.952,1.15724,112.294
184,2018-10-17,11715.03,2809.21,22841.12,0.462,0.147,3.207,129.595,1.15001,112.691
185,2018-10-18,11589.21,2768.78,22658.16,0.414,0.154,3.177,128.522,1.14558,112.189
186,2018-10-19,11553.83,2767.78,22532.08,0.464,0.149,3.196,129.524,1.15095,112.537
187,2018-10-22,11524.34,2755.88,22614.82,0.447,0.154,3.2,129.348,1.14648,112.82
188,2018-10-23,11274.28,2740.69,22010.78,0.41,0.149,3.17,128.969,1.14722,112.418
189,2018-10-24,11191.63,2656.1,22091.18,0.397,0.131,3.111,127.815,1.13973,112.157
190,2018-10-25,11307.12,2705.57,21268.73,0.399,0.115,3.122,127.816,1.13735,112.381
191,2018-10-26,11200.62,2658.69,21184.6,0.359,0.11,3.077,127.561,1.14083,111.814
192,2018-10-29,11335.48,2641.25,21149.8,0.379,0.109,3.089,127.776,1.13733,112.347
193,2018-10-30,11287.39,2682.63,21457.29,0.37,0.119,3.119,128.274,1.1343,113.086
194,2018-10-31,11447.51,2711.74,21920.46,0.387,0.129,3.149,127.809,1.13173,112.933
195,2018-11-01,11468.54,2740.37,21687.65,0.4,0.122,3.134,128.485,1.14055,112.652
196,2018-11-02,11518.99,2723.06,22243.66,0.427,0.129,3.22,128.947,1.13897,113.214
197,2018-11-05,11494.96,2738.31,21898.99,0.423,0.129,3.199,129.149,1.14086,113.203
198,2018-11-06,11484.34,2755.45,22147.75,0.434,0.129,3.23,129.562,1.14197,113.455
199,2018-11-07,11579.1,2813.89,22085.8,0.447,0.123,3.237,129.767,1.14305,113.527
200,2018-11-08,11527.32,2806.83,22486.92,0.458,0.124,3.239,129.609,1.13639,114.05
201,2018-11-09,11529.16,2781.01,22250.25,0.407,0.12,3.186,129.001,1.13363,113.794
202,2018-11-13,11472.22,2722.18,21810.52,0.41,0.114,3.142,128.594,1.12984,113.816
203,2018-11-14,11412.53,2701.58,21846.48,0.399,0.109,3.125,128.508,1.13141,113.582
204,2018-11-15,11353.67,2730.2,21803.62,0.362,0.109,3.11,128.614,1.13235,113.582
205,2018-11-16,11341.0,2736.27,21680.34,0.368,0.104,3.065,128.784,1.14151,112.819
206,2018-11-19,11244.54,2690.73,21821.16,0.373,0.095,3.065,128.833,1.14537,112.5
207,2018-11-20,11066.41,2641.89,21583.12,0.352,0.103,3.063,128.139,1.13668,112.732
208,2018-11-21,11244.17,2649.93,21507.54,0.376,0.095,3.065,128.779,1.1385,113.113
209,2018-11-26,11354.72,2673.45,21812.0,0.362,0.089,3.057,128.681,1.13307,113.569
210,2018-11-27,11309.11,2682.17,21952.4,0.352,0.089,3.059,128.492,1.12939,113.771
211,2018-11-28,11298.88,2743.79,22177.02,0.35,0.099,3.059,129.176,1.13684,113.627
212,2018-11-29,11298.23,2737.8,22262.6,0.324,0.081,3.032,129.212,1.13884,113.46
213,2018-11-30,11257.24,2760.17,22351.06,0.314,0.085,2.993,128.516,1.13217,113.513
214,2018-12-03,11465.46,2790.37,22574.76,0.305,0.082,2.97,129.012,1.13538,113.629
215,2018-12-04,11335.32,2700.06,22036.05,0.262,0.069,2.915,127.892,1.13419,112.761
216,2018-12-06,10810.98,2695.95,21501.62,0.236,0.056,2.897,128.242,1.13771,112.73
217,2018-12-07,10788.09,2633.08,21678.68,0.249,0.058,2.849,128.507,1.14096,112.63
218,2018-12-10,10622.07,2637.72,21219.5,0.247,0.039,2.861,128.566,1.13509,113.263
219,2018-12-11,10780.51,2636.78,21148.02,0.234,0.047,2.879,128.362,1.13198,113.396
220,2018-12-12,10929.43,2651.07,21602.75,0.28,0.054,2.911,128.816,1.13712,113.276
221,2018-12-13,10924.7,2650.54,21816.19,0.283,0.055,2.915,129.027,1.13578,113.602
222,2018-12-14,10865.77,2599.95,21374.83,0.256,0.031,2.895,128.169,1.13032,113.392
223,2018-12-17,10772.2,2545.94,21506.88,0.257,0.033,2.859,128.028,1.13474,112.826
224,2018-12-18,10740.89,2546.16,21115.45,0.245,0.023,2.821,127.894,1.137,112.484
225,2018-12-19,10766.21,2506.96,20987.92,0.241,0.034,2.76,127.94,1.13804,112.422
226,2018-12-20,10611.1,2467.42,20392.58,0.232,0.028,2.812,127.416,1.14492,111.288
227,2018-12-21,10633.82,2416.62,20166.19,0.25,0.042,2.788,126.434,1.1359,111.307
228,2018-12-27,10381.51,2488.83,20077.62,0.23,0.017,2.772,126.782,1.14292,110.928
229,2018-12-28,10558.96,2485.74,20014.77,0.233,-0.001,2.72,126.123,1.14444,110.205
230,2019-01-04,10767.69,2531.94,19561.96,0.21,-0.034,2.671,123.667,1.14029,108.452
231,2019-01-07,10747.81,2549.69,20038.97,0.22,-0.016,2.698,124.697,1.14758,108.661
232,2019-01-08,10803.98,2574.41,20204.04,0.227,0.009,2.73,124.49,1.14411,108.809
233,2019-01-09,10893.32,2584.96,20427.06,0.219,0.029,2.712,124.917,1.15495,108.158
234,2019-01-10,10921.59,2596.64,20163.8,0.198,0.02,2.746,124.688,1.14985,108.439
235,2019-01-11,10887.46,2596.26,20359.7,0.183,0.012,2.703,124.446,1.14636,108.558
236,2019-01-15,10891.79,2610.3,20555.29,0.206,0.013,2.715,123.926,1.14063,108.653
237,2019-01-16,10931.24,2616.1,20442.75,0.224,0.007,2.724,124.344,1.13951,109.121
238,2019-01-17,10918.62,2635.96,20402.27,0.243,0.004,2.754,124.365,1.13889,109.199
239,2019-01-18,11205.54,2670.71,20666.07,0.263,0.011,2.788,124.724,1.13645,109.748
240,2019-01-22,11090.11,2632.9,20622.91,0.235,0.002,2.741,124.245,1.13633,109.339
241,2019-01-23,11071.54,2638.7,20593.72,0.224,0.003,2.743,124.692,1.13808,109.563
242,2019-01-24,11130.18,2642.33,20574.63,0.181,0.007,2.716,123.843,1.13025,109.579
243,2019-01-25,11281.79,2664.76,20773.56,0.194,-0.002,2.76,125.028,1.14163,109.517
244,2019-01-28,11210.31,2643.85,20649.0,0.204,0.001,2.748,124.913,1.14276,109.321
245,2019-01-29,11218.83,2640.0,20664.64,0.202,0.004,2.71,125.061,1.14351,109.366
246,2019-01-30,11181.66,2681.05,20556.54,0.189,0.005,2.679,125.217,1.14812,109.063
247,2019-01-31,11173.1,2704.1,20773.49,0.149,-0.006,2.633,124.582,1.14461,108.837
248,2019-02-01,11180.66,2706.53,20788.39,0.165,-0.02,2.686,125.489,1.14596,109.506
249,2019-02-04,11176.58,2724.87,20883.77,0.176,-0.011,2.727,125.695,1.14358,109.914
250,2019-02-05,11367.98,2737.7,20844.45,0.17,-0.011,2.704,125.411,1.14059,109.953
251,2019-02-06,11324.72,2731.61,20874.06,0.162,-0.018,2.7,124.97,1.13674,109.937
252,2019-02-07,11022.02,2706.05,20751.28,0.114,-0.011,2.657,124.512,1.13425,109.775
253,2019-02-08,10906.78,2707.88,20333.17,0.087,-0.029,2.634,124.306,1.13231,109.781
254,2019-02-12,11126.08,2744.73,20864.21,0.131,-0.014,2.684,125.155,1.13297,110.467
255,2019-02-13,11167.22,2753.03,21144.48,0.123,-0.007,2.704,124.99,1.12567,111.036
256,2019-02-14,11089.79,2745.73,21139.71,0.106,-0.017,2.657,124.798,1.1295,110.49
257,2019-02-15,11299.8,2775.6,20900.63,0.102,-0.023,2.664,124.757,1.12997,110.408
258,2019-02-19,11309.21,2779.76,21302.65,0.105,-0.032,2.636,125.397,1.13393,110.586
259,2019-02-20,11401.97,2784.7,21431.49,0.1,-0.036,2.647,125.715,1.13457,110.804
260,2019-02-21,11423.28,2774.88,21464.23,0.127,-0.039,2.695,125.473,1.13373,110.672
261,2019-02-22,11457.7,2792.67,21425.51,0.095,-0.04,2.654,125.411,1.13319,110.671
262,2019-02-25,11505.39,2796.11,21528.23,0.109,-0.032,2.666,126.163,1.13598,111.061
263,2019-02-26,11540.79,2793.9,21449.39,0.117,-0.028,2.639,125.974,1.13933,110.569
264,2019-02-27,11487.33,2792.38,21556.51,0.149,-0.025,2.686,126.178,1.13726,110.95
265,2019-02-28,11515.64,2784.49,21385.16,0.183,-0.015,2.715,126.646,1.13706,111.38
266,2019-03-01,11601.68,2803.69,21602.69,0.183,-0.01,2.757,127.293,1.13677,111.978
267,2019-03-04,11592.66,2792.81,21822.04,0.16,0.001,2.726,126.705,1.13379,111.754
268,2019-03-05,11620.74,2789.65,21726.28,0.167,0.009,2.719,126.446,1.13006,111.893
269,2019-03-06,11587.63,2771.45,21596.81,0.127,-0.003,2.695,126.328,1.13084,111.712
270,2019-03-07,11517.8,2748.93,21456.01,0.065,-0.008,2.641,124.913,1.11918,111.611
271,2019-03-08,11457.84,2743.07,21025.56,0.068,-0.033,2.63,124.819,1.12329,111.119
272,2019-03-11,11543.48,2783.3,21125.09,0.067,-0.036,2.641,125.39,1.12634,111.325
273,2019-03-12,11524.17,2791.52,21503.69,0.055,-0.03,2.6,125.673,1.12897,111.316
274,2019-03-13,11572.41,2810.92,21290.24,0.064,-0.043,2.625,126.135,1.13374,111.249
275,2019-03-14,11587.47,2808.48,21287.02,0.083,-0.04,2.63,126.286,1.1306,111.699
276,2019-03-15,11685.69,2822.48,21450.85,0.083,-0.037,2.591,126.255,1.13258,111.476
277,2019-03-18,11657.06,2832.94,21584.5,0.083,-0.036,2.605,126.273,1.1335,111.401
278,2019-03-19,11788.41,2832.57,21566.85,0.096,-0.044,2.618,126.442,1.13536,111.368
279,2019-03-20,11603.89,2824.23,21608.92,0.086,-0.035,2.525,126.464,1.14212,110.727
280,2019-03-22,11364.17,2800.71,21627.34,-0.013,-0.071,2.437,124.253,1.13005,109.954
281,2019-03-25,11346.65,2798.36,20977.11,-0.028,-0.082,2.405,124.509,1.13145,110.043
282,2019-03-26,11419.48,2818.46,21428.39,-0.016,-0.063,2.425,124.628,1.12756,110.529
283,2019-03-27,11419.04,2805.37,21378.73,-0.081,-0.067,2.381,124.296,1.12493,110.492
284,2019-03-28,11428.16,2815.44,21033.76,-0.069,-0.092,2.391,124.25,1.12284,110.657
285,2019-03-29,11526.04,2834.4,21205.81,-0.07,-0.091,2.407,124.35,1.12177,110.852
286,2019-04-01,11681.99,2867.19,21509.03,-0.026,-0.075,2.503,124.809,1.12026,111.41
287,2019-04-02,11754.79,2867.24,21505.31,-0.048,-0.064,2.472,124.726,1.12034,111.334
288,2019-04-03,11954.4,2873.4,21713.21,0.007,-0.047,2.528,125.256,1.12373,111.464
289,2019-04-04,11988.01,2879.39,21724.95,-0.006,-0.041,2.513,125.245,1.12211,111.616
290,2019-04-05,12009.75,2892.74,21807.5,0.006,-0.031,2.499,125.28,1.1218,111.678
291,2019-04-08,11963.4,2895.77,21761.65,0.006,-0.035,2.524,125.552,1.12609,111.494
292,2019-04-09,11850.57,2878.2,21802.59,-0.01,-0.047,2.502,125.192,1.12646,111.138
293,2019-04-10,11905.91,2888.21,21687.57,-0.025,-0.045,2.467,125.068,1.12753,110.922
294,2019-04-11,11935.2,2888.32,21711.38,-0.009,-0.058,2.499,125.664,1.12573,111.629
295,2019-04-12,11999.93,2907.41,21870.56,0.055,-0.04,2.563,126.538,1.1297,112.011
296,2019-04-15,12020.28,2905.58,22169.11,0.057,-0.028,2.556,126.549,1.13012,111.978
297,2019-04-16,12101.32,2907.06,22221.66,0.066,-0.021,2.592,126.413,1.12862,112.016
298,2019-04-17,12153.07,2900.45,22277.97,0.08,-0.007,2.594,126.577,1.12982,112.033
299,2019-04-18,12222.39,2905.03,22090.12,0.023,-0.03,2.56,125.775,1.1232,111.979
300,2019-04-23,12235.51,2933.68,22259.74,0.041,-0.03,2.569,125.559,1.12232,111.874
301,2019-04-24,12313.16,2927.25,22200.0,-0.009,-0.04,2.518,125.02,1.11555,112.07
302,2019-04-25,12282.6,2926.17,22307.58,-0.01,-0.03,2.534,124.247,1.11346,111.586
303,2019-04-26,12315.18,2939.88,22258.73,-0.022,-0.035,2.5,124.418,1.11478,111.608
304,2019-05-07,12092.74,2884.05,21923.72,-0.039,-0.051,2.458,123.435,1.11942,110.267
305,2019-05-08,12179.93,2879.42,21602.59,-0.045,-0.051,2.485,123.24,1.11947,110.088
306,2019-05-09,11973.92,2870.72,21402.13,-0.048,-0.049,2.451,123.099,1.12187,109.727
307,2019-05-10,12059.83,2881.4,21344.92,-0.043,-0.047,2.471,123.464,1.12311,109.93
308,2019-05-13,11876.65,2811.87,21191.28,-0.07,-0.048,2.403,122.616,1.12268,109.218
309,2019-05-14,11991.62,2834.41,21067.23,-0.07,-0.05,2.412,122.889,1.12074,109.65
310,2019-05-15,12099.57,2850.96,21188.56,-0.099,-0.052,2.373,122.793,1.1205,109.59
311,2019-05-16,12310.37,2876.32,21062.98,-0.095,-0.062,2.394,122.754,1.11736,109.861
312,2019-05-17,12238.94,2859.53,21250.09,-0.104,-0.056,2.393,122.793,1.11609,110.021
313,2019-05-20,12041.29,2840.23,21301.73,-0.087,-0.044,2.417,122.938,1.11676,110.085
314,2019-05-21,12143.47,2864.36,21272.45,-0.064,-0.047,2.428,123.364,1.11625,110.517
315,2019-05-22,12168.74,2856.27,21283.37,-0.086,-0.04,2.382,123.048,1.11526,110.331
316,2019-05-23,11952.41,2822.24,21151.14,-0.12,-0.06,2.32,122.587,1.11834,109.615
317,2019-05-24,12011.04,2826.06,21117.22,-0.117,-0.06,2.324,122.503,1.12081,109.298
318,2019-05-28,12027.05,2802.39,21260.14,-0.161,-0.074,2.264,122.113,1.11657,109.364
319,2019-05-29,11837.81,2783.02,21003.37,-0.178,-0.091,2.264,121.992,1.11356,109.551
320,2019-05-30,11902.08,2788.86,20942.53,-0.174,-0.081,2.215,121.98,1.11299,109.599
321,2019-05-31,11726.84,2752.06,20601.19,-0.203,-0.096,2.126,121.06,1.11712,108.368
322,2019-06-03,11792.81,2744.45,20410.88,-0.2,-0.094,2.076,121.504,1.12444,108.057
323,2019-06-04,11971.17,2803.27,20408.54,-0.207,-0.104,2.131,121.713,1.12536,108.154
324,2019-06-05,11980.81,2826.15,20776.1,-0.227,-0.124,2.135,121.567,1.12267,108.283
325,2019-06-06,11953.14,2843.49,20774.04,-0.24,-0.121,2.119,122.208,1.12773,108.367
326,2019-06-07,12045.38,2873.34,20884.71,-0.257,-0.118,2.083,122.59,1.13338,108.164
327,2019-06-11,12155.81,2885.72,21204.28,-0.231,-0.11,2.143,122.974,1.13274,108.564
328,2019-06-12,12115.68,2879.84,21129.72,-0.237,-0.114,2.122,122.503,1.12919,108.487
329,2019-06-13,12169.05,2891.64,21032.0,-0.241,-0.113,2.095,122.217,1.12775,108.372
330,2019-06-14,12096.4,2886.98,21116.89,-0.253,-0.13,2.084,121.647,1.12069,108.547
331,2019-06-17,12085.82,2889.67,21124.0,-0.245,-0.123,2.092,121.822,1.12211,108.565
332,2019-06-18,12331.75,2917.75,20972.71,-0.322,-0.134,2.059,121.428,1.11948,108.468
333,2019-06-19,12308.53,2926.46,21333.87,-0.289,-0.135,2.029,121.373,1.12295,108.084
334,2019-06-20,12355.39,2954.18,21462.86,-0.318,-0.163,2.03,121.183,1.12931,107.304
335,2019-06-21,12339.92,2950.46,21258.64,-0.284,-0.155,2.057,122.112,1.13723,107.377
336,2019-06-24,12274.57,2945.35,21285.99,-0.307,-0.154,2.018,122.299,1.13966,107.308
337,2019-06-25,12228.44,2917.38,21193.81,-0.331,-0.147,1.987,121.809,1.13688,107.143
338,2019-06-26,12245.32,2913.78,21086.59,-0.302,-0.143,2.05,122.568,1.13749,107.753
339,2019-06-27,12271.03,2924.92,21338.17,-0.321,-0.142,2.016,122.566,1.13684,107.813
340,2019-06-28,12398.8,2941.76,21275.92,-0.328,-0.16,2.007,122.585,1.1371,107.805
341,2019-07-01,12521.38,2964.33,21729.97,-0.357,-0.146,2.029,122.397,1.12882,108.429
342,2019-07-02,12526.72,2973.01,21754.27,-0.368,-0.145,1.976,121.819,1.12896,107.904
343,2019-07-03,12616.24,2995.82,21638.16,-0.386,-0.151,1.953,121.602,1.12799,107.804
344,2019-07-05,12568.53,2990.41,21746.38,-0.364,-0.155,2.039,121.79,1.12261,108.488
345,2019-07-08,12543.51,2975.95,21534.35,-0.366,-0.146,2.048,121.914,1.12159,108.697
346,2019-07-09,12436.55,2979.63,21565.15,-0.354,-0.14,2.07,122.001,1.12082,108.849
347,2019-07-10,12373.41,2993.07,21533.48,-0.307,-0.115,2.065,122.004,1.12541,108.414
348,2019-07-11,12332.12,2999.91,21643.53,-0.264,-0.138,2.143,122.079,1.12534,108.482
349,2019-07-12,12323.32,3013.77,21685.9,-0.25,-0.117,2.122,121.565,1.12713,107.854
350,2019-07-16,12430.97,3004.04,21535.25,-0.287,-0.12,2.104,121.339,1.12115,108.235
351,2019-07-17,12341.03,2984.42,21469.18,-0.29,-0.121,2.047,121.164,1.12275,107.917
352,2019-07-18,12227.85,2995.11,21046.24,-0.31,-0.133,2.026,120.983,1.12776,107.277
353,2019-07-19,12260.07,2976.61,21466.99,-0.322,-0.125,2.057,120.859,1.12193,107.724
354,2019-07-22,12289.4,2985.03,21416.79,-0.345,-0.138,2.048,120.941,1.12092,107.894
355,2019-07-23,12490.74,3005.47,21620.88,-0.353,-0.146,2.083,120.698,1.11521,108.229
356,2019-07-24,12522.89,3019.56,21709.57,-0.377,-0.149,2.046,120.51,1.11429,108.149
357,2019-07-25,12362.1,3003.67,21756.55,-0.361,-0.152,2.084,121.103,1.11479,108.633
358,2019-07-26,12419.9,3025.86,21658.15,-0.375,-0.151,2.074,120.932,1.11247,108.706
359,2019-07-29,12417.47,3020.97,21616.8,-0.389,-0.145,2.067,121.289,1.11452,108.827
360,2019-07-30,12147.24,3013.18,21709.31,-0.397,-0.152,2.06,121.133,1.11554,108.587
361,2019-07-31,12189.04,2980.38,21521.53,-0.441,-0.155,2.016,120.422,1.1071,108.772
362,2019-08-01,12253.15,2953.56,21540.99,-0.448,-0.131,1.895,118.96,1.10835,107.331
363,2019-08-02,11872.44,2932.05,21087.16,-0.496,-0.167,1.847,118.38,1.11057,106.594
364,2019-08-05,11658.51,2844.74,20720.29,-0.513,-0.194,1.718,118.466,1.12139,105.65
365,2019-08-06,11567.96,2881.77,20585.31,-0.534,-0.181,1.704,119.236,1.12022,106.44
366,2019-08-07,11650.15,2883.98,20516.56,-0.579,-0.195,1.724,118.99,1.12021,106.221
367,2019-08-08,11845.41,2938.09,20593.35,-0.557,-0.19,1.719,118.498,1.11936,105.863
368,2019-08-09,11693.8,2918.65,20684.82,-0.575,-0.218,1.746,118.283,1.12027,105.584
369,2019-08-13,11750.13,2926.32,20455.44,-0.61,-0.234,1.707,119.25,1.11726,106.735
370,2019-08-14,11492.66,2840.6,20655.13,-0.65,-0.22,1.581,117.843,1.11419,105.765
371,2019-08-15,11412.67,2847.6,20405.65,-0.709,-0.234,1.508,117.852,1.11062,106.114
372,2019-08-16,11562.74,2888.68,20418.81,-0.686,-0.231,1.569,117.933,1.10928,106.315
373,2019-08-19,11715.37,2923.65,20563.16,-0.648,-0.222,1.608,118.115,1.10802,106.6
374,2019-08-20,11651.18,2900.51,20677.22,-0.691,-0.239,1.552,117.918,1.10984,106.248
375,2019-08-21,11802.85,2924.43,20618.57,-0.67,-0.235,1.591,118.185,1.10882,106.586
376,2019-08-22,11747.04,2922.95,20628.01,-0.645,-0.24,1.615,117.925,1.10809,106.421
377,2019-08-23,11611.51,2847.11,20710.91,-0.677,-0.234,1.532,117.373,1.114,105.362
378,2019-08-26,11658.04,2878.38,20261.04,-0.663,-0.265,1.54,117.806,1.11001,106.13
379,2019-08-27,11730.02,2869.16,20456.08,-0.694,-0.265,1.474,117.29,1.10906,105.756
380,2019-08-28,11701.02,2887.94,20479.42,-0.714,-0.275,1.466,117.452,1.10815,105.989
381,2019-08-29,11838.88,2924.58,20460.93,-0.69,-0.278,1.498,117.787,1.10585,106.512
382,2019-08-30,11939.28,2926.46,20704.37,-0.701,-0.273,1.499,116.743,1.09901,106.226
383,2019-09-03,11910.86,2906.27,20625.16,-0.706,-0.281,1.461,116.229,1.09718,105.935
384,2019-09-04,12025.04,2937.78,20649.14,-0.675,-0.28,1.471,117.374,1.10349,106.367
385,2019-09-05,12126.78,2976.0,21085.94,-0.592,-0.262,1.564,118.023,1.10349,106.955
386,2019-09-06,12191.73,2978.71,21199.57,-0.637,-0.244,1.562,117.897,1.10257,106.929
387,2019-09-09,12226.1,2978.43,21318.42,-0.584,-0.25,1.645,118.502,1.10493,107.248
388,2019-09-10,12268.71,2979.39,21392.1,-0.547,-0.227,1.737,118.799,1.1049,107.52
389,2019-09-11,12359.07,3000.93,21597.76,-0.563,-0.2,1.746,118.696,1.10091,107.816
390,2019-09-12,12410.25,3009.57,21759.61,-0.518,-0.21,1.777,119.587,1.10638,108.089
391,2019-09-13,12468.53,3007.39,21988.29,-0.446,-0.157,1.903,119.752,1.10763,108.116
392,2019-09-17,12372.61,3005.7,22001.32,-0.476,-0.155,1.808,119.702,1.10717,108.115
393,2019-09-18,12389.62,3006.73,21960.71,-0.51,-0.189,1.8,119.608,1.1033,108.409
394,2019-09-19,12457.7,3006.79,22044.45,-0.506,-0.217,1.789,119.299,1.1042,108.041
395,2019-09-20,12468.01,2992.07,22079.09,-0.52,-0.215,1.722,118.511,1.10181,107.561
396,2019-09-24,12307.15,2966.6,22098.84,-0.601,-0.238,1.647,118.034,1.10197,107.112
397,2019-09-25,12234.18,2984.87,22020.15,-0.576,-0.256,1.737,117.904,1.09441,107.732
398,2019-09-26,12288.54,2977.62,22048.24,-0.585,-0.247,1.701,117.735,1.09177,107.838
399,2019-09-27,12380.94,2961.79,21878.9,-0.571,-0.224,1.687,118.126,1.09416,107.96
400,2019-09-30,12428.08,2976.74,21755.84,-0.572,-0.214,1.666,117.791,1.08986,108.079
401,2019-10-01,12263.83,2940.25,21885.24,-0.561,-0.153,1.639,117.804,1.09318,107.762
402,2019-10-02,11925.25,2887.61,21778.61,-0.544,-0.165,1.599,117.462,1.09608,107.165
403,2019-10-04,12012.81,2952.01,21410.2,-0.586,-0.2,1.529,117.333,1.09814,106.847
404,2019-10-07,12097.43,2938.79,21375.25,-0.574,-0.223,1.565,117.648,1.09716,107.236
405,2019-10-08,11970.2,2893.06,21587.78,-0.594,-0.203,1.534,117.308,1.0956,107.072
406,2019-10-09,12094.26,2919.4,21456.38,-0.547,-0.2,1.587,117.927,1.09734,107.466
407,2019-10-10,12164.2,2938.13,21551.98,-0.472,-0.205,1.672,118.755,1.10088,107.872
408,2019-10-11,12511.65,2970.27,21798.87,-0.442,-0.18,1.732,119.619,1.10364,108.386
409,2019-10-15,12629.79,2995.68,22207.21,-0.417,-0.169,1.773,120.067,1.10313,108.842
410,2019-10-16,12670.11,2989.69,22472.92,-0.389,-0.16,1.745,120.401,1.10732,108.732
411,2019-10-17,12654.95,2997.95,22451.86,-0.41,-0.151,1.754,120.863,1.1127,108.624
412,2019-10-18,12633.6,2986.2,22492.68,-0.384,-0.14,1.752,121.012,1.11614,108.42
413,2019-10-21,12747.96,3006.72,22548.9,-0.345,-0.126,1.803,121.053,1.11484,108.583
414,2019-10-23,12798.19,3004.52,22625.38,-0.396,-0.139,1.766,120.95,1.11322,108.646
415,2019-10-24,12872.1,3010.29,22750.6,-0.405,-0.141,1.771,120.645,1.11053,108.638
416,2019-10-25,12894.51,3022.55,22799.81,-0.361,-0.135,1.8,120.407,1.1081,108.661
417,2019-10-28,12941.71,3039.42,22867.27,-0.335,-0.123,1.845,120.936,1.10982,108.969
418,2019-10-29,12939.62,3036.89,22974.13,-0.353,-0.111,1.837,120.98,1.11121,108.872
419,2019-10-30,12910.23,3046.77,22843.12,-0.356,-0.115,1.775,121.353,1.11531,108.806
420,2019-10-31,12866.79,3037.56,22927.04,-0.408,-0.147,1.688,120.476,1.11517,108.033
421,2019-11-01,12961.05,3066.91,22850.77,-0.384,-0.184,1.714,120.803,1.11657,108.191
422,2019-11-05,13148.5,3074.62,23251.99,-0.312,-0.117,1.86,120.896,1.10749,109.162
423,2019-11-06,13179.89,3076.78,23303.82,-0.335,-0.084,1.83,120.611,1.10685,108.967
424,2019-11-07,13289.46,3085.18,23330.32,-0.236,-0.074,1.926,120.782,1.1049,109.313
425,2019-11-08,13228.56,3093.08,23391.87,-0.264,-0.06,1.943,120.372,1.10218,109.212
426,2019-11-12,13283.51,3091.84,23520.01,-0.255,-0.029,1.931,119.996,1.10115,108.973
427,2019-11-13,13230.07,3094.04,23319.87,-0.301,-0.044,1.886,119.74,1.10081,108.774
428,2019-11-14,13180.23,3096.63,23141.55,-0.352,-0.072,1.822,119.48,1.10221,108.401
429,2019-11-15,13241.75,3120.46,23303.32,-0.336,-0.06,1.834,120.259,1.10542,108.79
430,2019-11-18,13207.01,3122.03,23416.76,-0.338,-0.079,1.817,120.314,1.10719,108.662
431,2019-11-19,13221.12,3120.18,23292.65,-0.34,-0.084,1.786,120.251,1.1078,108.549
432,2019-11-20,13158.14,3108.46,23148.57,-0.35,-0.109,1.747,120.127,1.10767,108.444
433,2019-11-21,13137.7,3103.54,23038.58,-0.327,-0.108,1.776,120.16,1.10623,108.621
434,2019-11-22,13163.88,3110.29,23112.88,-0.36,-0.079,1.769,119.749,1.10229,108.636
435,2019-11-25,13246.45,3133.64,23292.81,-0.35,-0.082,1.753,119.983,1.1014,108.937
436,2019-11-26,13236.42,3140.52,23373.32,-0.373,-0.095,1.741,120.222,1.10236,109.058
437,2019-11-27,13287.07,3153.63,23437.77,-0.373,-0.108,1.767,120.549,1.1006,109.531
438,2019-11-29,13236.38,3140.98,23293.91,-0.362,-0.077,1.774,120.591,1.10175,109.4545
439,2019-12-02,12964.68,3113.87,23529.5,-0.283,-0.041,1.822,120.799,1.10767,109.057
440,2019-12-03,12989.29,3093.2,23379.81,-0.349,-0.025,1.717,120.392,1.10821,108.637
441,2019-12-04,13140.57,3112.76,23135.23,-0.317,-0.04,1.778,120.596,1.10783,108.858
442,2019-12-05,13054.8,3117.43,23300.09,-0.296,-0.029,1.812,120.764,1.11045,108.753
443,2019-12-06,13166.58,3145.91,23354.4,-0.287,-0.015,1.84,120.067,1.106,108.56
444,2019-12-09,13105.61,3135.96,23430.7,-0.309,-0.008,1.821,120.145,1.10654,108.577
445,2019-12-10,13070.72,3132.52,23410.19,-0.298,-0.018,1.842,120.696,1.10934,108.8
446,2019-12-11,13146.74,3141.63,23391.86,-0.324,0.001,1.793,120.849,1.11332,108.548
447,2019-12-12,13221.64,3168.57,23424.81,-0.271,-0.014,1.897,122.449,1.11838,109.488
448,2019-12-13,13282.72,3168.8,24023.1,-0.292,-0.02,1.824,121.543,1.11168,109.333
449,2019-12-16,13407.66,3191.45,23952.35,-0.278,-0.012,1.873,122.102,1.11392,109.615
450,2019-12-17,13287.83,3192.52,24066.12,-0.296,-0.007,1.875,122.134,1.11532,109.514
451,2019-12-18,13222.16,3191.14,23934.43,-0.252,-0.015,1.919,121.809,1.11162,109.575
452,2019-12-19,13211.96,3205.37,23864.85,-0.237,0.004,1.922,121.677,1.11239,109.384
453,2019-12-20,13318.9,3221.22,23816.63,-0.253,0.02,1.919,121.273,1.10757,109.495
454,2019-12-23,13300.98,3224.01,23821.11,-0.245,0.007,1.928,121.33,1.10904,109.401
455,2019-12-27,13337.11,3240.02,23837.72,-0.255,-0.006,1.877,122.301,1.11758,109.434
456,2019-12-30,13249.01,3221.29,23656.62,-0.186,-0.012,1.884,121.947,1.12003,108.878
457,2020-01-06,13126.99,3246.28,23204.86,-0.288,-0.028,1.809,121.338,1.11958,108.378
458,2020-01-07,13226.83,3237.18,23575.72,-0.286,-0.004,1.823,120.911,1.11478,108.458
459,2020-01-08,13320.18,3253.05,23204.76,-0.245,-0.007,1.875,121.188,1.11102,109.078
460,2020-01-09,13495.06,3274.7,23739.87,-0.219,0.006,1.853,121.594,1.11065,109.48
461,2020-01-10,13483.31,3265.35,23850.57,-0.238,0.009,1.82,121.782,1.11217,109.5
462,2020-01-14,13456.49,3283.15,24025.17,-0.21,0.013,1.811,122.377,1.11265,109.988
463,2020-01-15,13432.3,3289.29,23916.58,-0.2,0.007,1.788,122.539,1.11509,109.887
464,2020-01-16,13429.43,3316.81,23933.13,-0.219,0.011,1.809,122.71,1.11375,110.178
465,2020-01-17,13526.13,3329.62,24041.26,-0.214,0.004,1.825,122.185,1.10927,110.149
466,2020-01-21,13555.87,3320.79,23864.56,-0.25,-0.001,1.772,121.754,1.1083,109.856
467,2020-01-22,13515.75,3321.75,24031.35,-0.263,0.004,1.771,121.841,1.10935,109.832
468,2020-01-23,13388.42,3325.54,23795.44,-0.308,-0.01,1.732,121.093,1.10558,109.529
469,2020-01-24,13576.68,3295.47,23827.18,-0.336,-0.01,1.689,120.515,1.10279,109.282
470,2020-01-27,13204.77,3243.63,23343.51,-0.389,-0.035,1.608,120.011,1.10184,108.918
471,2020-01-28,13323.69,3276.24,23215.71,-0.38,-0.033,1.661,120.405,1.1022,109.241
472,2020-01-29,13345.0,3273.4,23379.4,-0.379,-0.025,1.582,120.03,1.10105,109.014
473,2020-01-30,13157.12,3283.66,22977.75,-0.407,-0.053,1.589,120.195,1.10341,108.934
474,2020-01-31,12981.97,3225.52,23205.18,-0.435,-0.056,1.508,120.172,1.10903,108.3575
475,2020-02-03,13045.19,3248.92,22971.94,-0.444,-0.05,1.531,120.178,1.10594,108.666
476,2020-02-04,13281.74,3297.59,23084.59,-0.4,-0.047,1.603,120.912,1.10452,109.47
477,2020-02-05,13478.33,3334.69,23319.56,-0.362,-0.032,1.649,120.778,1.09999,109.799
478,2020-02-06,13574.82,3345.78,23873.59,-0.37,-0.005,1.642,120.778,1.0981,109.988
479,2020-02-07,13513.81,3327.71,23827.98,-0.387,-0.025,1.585,120.159,1.09475,109.759
480,2020-02-10,13494.03,3352.09,23685.98,-0.412,-0.053,1.566,119.761,1.09113,109.759
481,2020-02-12,13749.78,3379.45,23861.21,-0.379,-0.03,1.637,119.68,1.08718,110.083
482,2020-02-13,13745.43,3373.94,23827.73,-0.388,-0.026,1.619,119.05,1.08406,109.819
483,2020-02-14,13744.21,3380.16,23687.59,-0.403,-0.02,1.588,118.969,1.08368,109.782
484,2020-02-18,13681.19,3370.29,23193.8,-0.408,-0.048,1.559,118.598,1.07947,109.867
485,2020-02-19,13789.0,3386.15,23400.7,-0.42,-0.037,1.568,120.24,1.08087,111.247
486,2020-02-20,13664.0,3373.23,23479.15,-0.444,-0.038,1.519,120.889,1.07875,112.05
487,2020-02-21,13579.33,3337.75,23386.74,-0.433,-0.05,1.473,121.076,1.08491,111.601
488,2020-02-25,12790.49,3128.21,22605.41,-0.513,-0.09,1.352,119.918,1.0881,110.208
489,2020-02-26,12774.88,3116.39,22426.19,-0.507,-0.086,1.342,120.17,1.08826,110.424
490,2020-02-27,12367.46,2978.76,21948.23,-0.548,-0.103,1.264,120.53,1.10027,109.541
491,2020-02-28,11890.35,2954.22,21142.96,-0.61,-0.149,1.152,119.134,1.10399,107.913
492,2020-03-02,11857.87,3090.23,21344.08,-0.626,-0.12,1.167,120.622,1.11394,108.284
493,2020-03-03,11985.39,3003.37,21082.73,-0.628,-0.108,0.999,119.698,1.11706,107.155
494,2020-03-04,12127.69,3130.12,21100.06,-0.64,-0.136,1.059,119.729,1.1133,107.544
495,2020-03-05,11944.72,3023.94,21329.12,-0.687,-0.108,0.918,119.255,1.12304,106.189
496,2020-03-06,11541.87,2972.37,20749.75,-0.714,-0.133,0.765,119.264,1.13073,105.475
497,2020-03-09,10625.02,2746.56,19698.76,-0.859,-0.147,0.559,117.179,1.14389,102.439
498,2020-03-10,10475.49,2882.23,19867.12,-0.797,-0.041,0.8,118.865,1.13091,105.0995
499,2020-03-11,10438.68,2741.38,19416.06,-0.746,-0.062,0.877,117.916,1.12589,104.732
500,2020-03-12,9161.13,2480.64,18559.63,-0.747,-0.058,0.812,117.124,1.11768,104.792
501,2020-03-13,9232.08,2711.02,17431.05,-0.551,-0.001,0.983,119.526,1.11074,107.609
502,2020-03-16,8742.25,2386.13,17002.04,-0.466,0.02,0.74,118.714,1.11684,106.271
503,2020-03-17,8939.1,2529.19,17011.53,-0.44,0.02,1.069,118.155,1.1016,107.256
504,2020-03-18,8441.71,2398.1,16726.55,-0.237,0.059,1.183,118.09,1.09331,108.011
505,2020-03-19,8610.43,2409.39,16552.83,-0.196,0.097,1.159,118.232,1.06649,110.861
506,2020-03-23,8741.15,2237.4,16887.78,-0.381,0.075,0.763,119.269,1.07464,110.985
507,2020-03-24,9700.57,2447.33,18092.35,-0.326,0.04,0.858,120.234,1.08122,111.202
508,2020-03-25,9874.26,2475.56,19546.63,-0.265,0.04,0.869,120.801,1.08815,111.015
509,2020-03-26,10000.96,2630.07,18664.6,-0.363,-0.005,0.848,120.673,1.10372,109.333
510,2020-03-27,9632.52,2541.47,19389.43,-0.479,0.011,0.676,120.287,1.1141,107.968
511,2020-03-30,9815.97,2626.65,19084.97,-0.497,0.015,0.73,119.142,1.10474,107.846
512,2020-03-31,9935.84,2584.59,18917.01,-0.472,0.011,0.674,118.602,1.10301,107.526
513,2020-04-01,9544.75,2470.5,18065.41,-0.465,0.015,0.586,117.267,1.09458,107.134
514,2020-04-02,9570.82,2526.9,17818.72,-0.439,-0.006,0.602,117.088,1.08557,107.859
515,2020-04-03,9525.77,2488.65,17820.19,-0.445,-0.004,0.599,117.21,1.08108,108.419
516,2020-04-06,10075.17,2663.68,18576.3,-0.426,0.007,0.681,117.895,1.07943,109.219
517,2020-04-07,10356.7,2659.41,18950.18,-0.313,0.009,0.714,118.457,1.08909,108.771
518,2020-04-08,10332.89,2749.98,19353.24,-0.31,0.019,0.774,118.172,1.08565,108.849
519,2020-04-09,10564.74,2789.82,19345.77,-0.349,0.014,0.729,118.57,1.09289,108.493
520,2020-04-14,10696.56,2846.06,19638.81,-0.381,0.014,0.755,117.651,1.09813,107.138
521,2020-04-15,10279.76,2783.36,19550.09,-0.465,0.016,0.635,117.166,1.09088,107.405
522,2020-04-16,10301.54,2799.55,19290.2,-0.475,0.01,0.63,117.346,1.08614,108.039
523,2020-04-17,10625.78,2874.56,19897.26,-0.474,0.025,0.643,116.922,1.08681,107.582
524,2020-04-20,10675.9,2823.16,19669.12,-0.452,0.025,0.609,116.992,1.08697,107.642
525,2020-04-21,10249.85,2736.56,19280.78,-0.477,0.014,0.572,116.98,1.08576,107.74
526,2020-04-22,10415.03,2799.31,19137.95,-0.41,-0.001,0.622,116.612,1.0823,107.745
527,2020-04-23,10513.79,2797.8,19429.44,-0.425,0.004,0.605,115.993,1.07795,107.606
528,2020-04-24,10336.09,2836.74,19262.0,-0.475,-0.01,0.602,116.1,1.08095,107.405
529,2020-04-27,10659.99,2878.48,19783.22,-0.457,-0.031,0.664,116.176,1.08315,107.2595
530,2020-04-28,10795.63,2863.39,19771.19,-0.47,-0.045,0.616,115.642,1.0822,106.858
531,2020-04-30,10861.64,2912.43,20193.69,-0.587,-0.036,0.641,117.361,1.09515,107.1625
532,2020-05-07,10759.27,2881.19,19674.77,-0.547,0.009,0.639,115.144,1.08317,106.303
533,2020-05-08,10904.48,2929.8,20179.09,-0.541,0.005,0.685,115.656,1.08362,106.731
534,2020-05-11,10824.99,2930.19,20390.66,-0.514,0.006,0.712,116.349,1.08078,107.653
535,2020-05-12,10819.5,2870.12,20366.48,-0.51,-0.011,0.67,116.275,1.0847,107.195
536,2020-05-13,10542.66,2820.0,20267.05,-0.534,-0.005,0.652,115.823,1.08184,107.063
537,2020-05-14,10337.02,2852.5,19914.78,-0.545,-0.001,0.622,115.881,1.08071,107.227
538,2020-05-15,10465.17,2863.7,20037.47,-0.535,-0.005,0.646,115.986,1.08176,107.22
539,2020-05-18,11058.87,2953.91,20133.73,-0.467,-0.015,0.726,117.137,1.09165,107.31
540,2020-05-19,11075.29,2922.94,20433.45,-0.465,-0.003,0.692,117.668,1.09214,107.742
541,2020-05-20,11223.71,2971.61,20595.15,-0.47,-0.001,0.682,118.086,1.09786,107.56
542,2020-05-21,11065.93,2948.51,20552.31,-0.496,-0.005,0.674,117.867,1.09478,107.663
543,2020-05-22,11073.87,2955.45,20388.16,-0.489,-0.011,0.657,117.319,1.09032,107.6
544,2020-05-26,11504.65,2991.77,21271.17,-0.431,0.001,0.697,118.051,1.0977,107.543
545,2020-05-27,11657.69,3036.13,21419.23,-0.415,-0.005,0.69,118.57,1.1007,107.722
546,2020-05-28,11781.13,3029.73,21916.31,-0.421,-0.002,0.695,119.243,1.1079,107.63
547,2020-05-29,11586.85,3044.31,21877.89,-0.448,0.001,0.653,119.722,1.1102,107.838
548,2020-06-02,12021.28,3080.82,22325.61,-0.417,0.009,0.685,121.359,1.11703,108.644
549,2020-06-03,12487.36,3122.87,22613.76,-0.357,0.009,0.748,122.371,1.12361,108.909
550,2020-06-04,12430.56,3112.35,22695.74,-0.324,0.035,0.827,123.697,1.13363,109.116
551,2020-06-05,12847.68,3193.93,22863.73,-0.278,0.041,0.899,123.807,1.12899,109.662
552,2020-06-08,12819.59,3232.39,23178.1,-0.32,0.043,0.877,122.424,1.12913,108.424
553,2020-06-09,12617.99,3207.18,23091.03,-0.312,0.014,0.825,122.14,1.13383,107.724
554,2020-06-10,12530.16,3190.14,23124.95,-0.332,0.019,0.73,121.854,1.13759,107.116
555,2020-06-11,11970.29,3002.1,22472.91,-0.415,0.005,0.669,120.634,1.12933,106.819
556,2020-06-12,11949.28,3041.31,22305.48,-0.44,0.006,0.707,120.851,1.12552,107.374
557,2020-06-15,11911.35,3066.59,21530.95,-0.448,0.001,0.72,121.571,1.13255,107.342
558,2020-06-16,12315.66,3124.74,22582.21,-0.428,0.013,0.743,120.863,1.12622,107.318
559,2020-06-17,12382.14,3113.49,22455.76,-0.429,0.015,0.74,120.315,1.12433,107.011
560,2020-06-18,12281.53,3115.34,22355.46,-0.443,0.019,0.71,119.849,1.12049,106.962
561,2020-06-19,12330.76,3097.74,22478.79,-0.417,0.007,0.697,119.477,1.11865,106.804
562,2020-06-22,12262.97,3117.86,22437.27,-0.44,0.005,0.71,120.424,1.12633,106.917
563,2020-06-23,12523.76,3131.29,22549.05,-0.408,0.005,0.715,120.428,1.13089,106.49
564,2020-06-24,12093.94,3050.33,22534.32,-0.442,0.008,0.681,120.467,1.1255,107.034
565,2020-06-25,12177.87,3083.76,22259.79,-0.47,0.02,0.682,120.221,1.12163,107.184
566,2020-06-26,12089.39,3009.05,22512.08,-0.483,0.005,0.641,120.36,1.12284,107.193
567,2020-06-29,12232.12,3053.24,21995.04,-0.472,0.019,0.627,120.926,1.1241,107.576
568,2020-06-30,12310.93,3100.29,22288.14,-0.456,0.028,0.658,121.267,1.12323,107.963
569,2020-07-01,12260.57,3115.86,22121.73,-0.396,0.042,0.677,120.897,1.12505,107.459
570,2020-07-02,12608.46,3130.01,22145.96,-0.429,0.029,0.669,120.858,1.12398,107.527
571,2020-07-06,12733.45,3179.72,22714.44,-0.435,0.035,0.679,121.447,1.13107,107.374
572,2020-07-07,12616.8,3145.32,22614.69,-0.431,0.034,0.641,121.258,1.12741,107.555
573,2020-07-08,12494.81,3169.94,22438.65,-0.441,0.018,0.666,121.562,1.13328,107.265
574,2020-07-09,12489.46,3152.05,22529.29,-0.463,0.017,0.613,120.992,1.12842,107.222
575,2020-07-10,12633.71,3185.04,22290.81,-0.468,0.012,0.646,120.847,1.13002,106.942
576,2020-07-13,12799.97,3155.22,22784.74,-0.421,0.027,0.62,121.708,1.13462,107.267
577,2020-07-14,12697.36,3197.52,22587.01,-0.447,0.019,0.623,122.288,1.14024,107.248
578,2020-07-15,12930.98,3226.56,22945.5,-0.444,0.019,0.633,122.06,1.14126,106.951
579,2020-07-16,12874.97,3215.57,22770.36,-0.468,0.019,0.618,122.074,1.13809,107.263
580,2020-07-17,12919.61,3224.73,22696.42,-0.449,0.019,0.625,122.315,1.14373,106.944
581,2020-07-20,13046.92,3251.84,22717.48,-0.463,0.019,0.614,122.739,1.14439,107.253
582,2020-07-21,13171.83,3257.3,22884.22,-0.463,0.009,0.605,123.162,1.15327,106.794
583,2020-07-22,13104.25,3276.02,22751.61,-0.492,0.02,0.599,123.995,1.15726,107.145
584,2020-07-27,12838.66,3239.41,22715.85,-0.493,0.014,0.617,123.844,1.17505,105.395
585,2020-07-28,12835.28,3218.44,22657.38,-0.508,0.02,0.579,123.155,1.17211,105.071
586,2020-07-29,12822.26,3258.44,22397.11,-0.501,0.014,0.577,123.752,1.17928,104.939
587,2020-07-30,12379.65,3246.22,22339.23,-0.543,0.013,0.545,124.097,1.18424,104.79
588,2020-07-31,12313.36,3271.12,21710.0,-0.525,0.019,0.533,124.696,1.17823,105.833
589,2020-08-03,12646.98,3294.61,22195.38,-0.525,0.02,0.553,124.669,1.17606,106.006
590,2020-08-04,12600.87,3306.51,22573.66,-0.553,0.019,0.51,124.722,1.17972,105.722
591,2020-08-05,12660.25,3327.77,22514.85,-0.508,0.007,0.549,125.306,1.1866,105.6025
592,2020-08-06,12591.68,3349.16,22418.15,-0.533,0.014,0.538,125.317,1.18767,105.514
593,2020-08-07,12674.88,3351.28,22329.94,-0.511,0.007,0.566,124.885,1.17868,105.954
594,2020-08-11,12946.89,3333.69,22750.24,-0.479,0.025,0.638,125.075,1.17434,106.5235
595,2020-08-12,13058.63,3380.35,22843.96,-0.449,0.041,0.675,125.948,1.17844,106.873
596,2020-08-13,12993.71,3373.43,23249.61,-0.415,0.03,0.722,126.345,1.18147,106.938
597,2020-08-14,12901.34,3372.85,23289.36,-0.423,0.044,0.709,126.176,1.18373,106.592
598,2020-08-17,12920.66,3381.99,23096.75,-0.452,0.038,0.692,125.916,1.18743,106.04
599,2020-08-18,12881.76,3389.78,23051.08,-0.463,0.035,0.67,125.789,1.19322,105.42
600,2020-08-19,12977.33,3374.85,23110.61,-0.474,0.025,0.682,125.603,1.1843,106.057
601,2020-08-20,12830.0,3385.51,22880.62,-0.498,0.024,0.652,125.491,1.18609,105.803
602,2020-08-21,12764.8,3397.16,22920.3,-0.511,0.026,0.635,124.821,1.17952,105.823
603,2020-08-24,13066.54,3431.28,22985.51,-0.493,0.02,0.654,124.957,1.17901,105.981
604,2020-08-25,13061.62,3443.62,23296.77,-0.433,0.03,0.685,125.913,1.18342,106.398
605,2020-08-26,13190.15,3478.73,23290.86,-0.417,0.039,0.69,125.418,1.18305,106.012
606,2020-08-27,13096.36,3484.55,23208.86,-0.407,0.036,0.755,125.938,1.18202,106.545
607,2020-08-28,13033.2,3508.01,22882.65,-0.41,0.054,0.724,125.382,1.18985,105.376
608,2020-08-31,12945.38,3500.31,23139.76,-0.398,0.044,0.706,126.424,1.19393,105.889
609,2020-09-01,12974.25,3526.65,23138.07,-0.421,0.043,0.672,126.252,1.19166,105.947
610,2020-09-02,13243.43,3580.84,23247.15,-0.474,0.04,0.649,125.868,1.18553,106.1735
611,2020-09-03,13057.77,3455.06,23465.53,-0.491,0.029,0.636,125.807,1.18509,106.157
612,2020-09-04,12842.66,3426.96,23205.43,-0.474,0.037,0.72,125.8,1.18423,106.229
613,2020-09-08,12968.33,3331.84,23274.13,-0.495,0.034,0.682,124.746,1.17738,105.952
614,2020-09-09,13237.21,3398.96,23032.54,-0.464,0.025,0.698,125.348,1.18033,106.197
615,2020-09-10,13208.89,3339.19,23235.47,-0.435,0.024,0.682,125.485,1.18214,106.15
616,2020-09-11,13202.84,3340.97,23406.49,-0.481,0.019,0.669,125.612,1.18408,106.0845
617,2020-09-14,13193.66,3383.54,23559.3,-0.481,0.017,0.676,125.447,1.18666,105.714
618,2020-09-15,13217.67,3401.2,23454.89,-0.481,0.015,0.68,124.921,1.18486,105.431
619,2020-09-16,13255.37,3385.49,23475.53,-0.485,0.014,0.698,123.998,1.18143,104.952
620,2020-09-17,13208.12,3357.01,23319.37,-0.491,0.019,0.687,124.097,1.18447,104.77
621,2020-09-18,13116.25,3319.47,23360.3,-0.486,0.02,0.697,123.93,1.18488,104.593
622,2020-09-23,12642.97,3236.92,23346.49,-0.507,0.006,0.679,122.847,1.16612,105.346
623,2020-09-24,12606.57,3246.59,23087.82,-0.502,0.006,0.669,123.039,1.16719,105.415
624,2020-09-25,12469.2,3298.46,23204.62,-0.529,0.005,0.656,122.785,1.16262,105.611
625,2020-09-28,12870.87,3351.6,23511.62,-0.526,0.018,0.654,123.083,1.16645,105.5185
626,2020-09-29,12825.82,3335.47,23539.1,-0.545,0.015,0.651,124.049,1.17407,105.656
627,2020-09-30,12760.73,3363.0,23185.12,-0.523,0.019,0.686,123.617,1.1724,105.439
628,2020-10-01,12730.77,3380.8,23185.12,-0.539,0.019,0.679,123.987,1.17462,105.555
629,2020-10-02,12689.04,3348.42,23029.9,-0.54,0.019,0.704,123.431,1.17124,105.3855
630,2020-10-05,12828.31,3408.6,23312.14,-0.515,0.02,0.782,124.563,1.17805,105.733
631,2020-10-06,12906.02,3360.97,23433.73,-0.509,0.032,0.734,123.933,1.17328,105.629
632,2020-10-07,12928.57,3419.44,23422.82,-0.495,0.035,0.789,124.716,1.17657,106.0
633,2020-10-08,13042.21,3446.83,23647.07,-0.524,0.035,0.787,124.678,1.17594,106.024
634,2020-10-09,13051.23,3477.14,23619.69,-0.528,0.029,0.777,124.866,1.18237,105.607
635,2020-10-13,13018.99,3511.93,23601.78,-0.557,0.025,0.729,123.907,1.17451,105.497
636,2020-10-14,13028.06,3488.67,23626.73,-0.582,0.025,0.726,123.494,1.17486,105.1165
637,2020-10-15,12703.75,3483.34,23507.23,-0.612,0.02,0.734,123.445,1.17102,105.4155
638,2020-10-16,12908.99,3483.81,23410.63,-0.623,0.017,0.749,123.499,1.17177,105.395
639,2020-10-19,12854.66,3426.92,23671.13,-0.629,0.02,0.772,124.077,1.17677,105.438
640,2020-10-20,12736.95,3443.12,23567.04,-0.609,0.02,0.789,124.711,1.1824,105.473
641,2020-10-21,12557.64,3435.56,23639.46,-0.59,0.029,0.824,124.02,1.18598,104.5645
642,2020-10-22,12543.06,3453.49,23474.27,-0.568,0.03,0.861,123.949,1.1821,104.855
643,2020-10-23,12645.75,3465.39,23516.59,-0.576,0.036,0.845,124.209,1.18625,104.707
644,2020-10-26,12177.18,3400.97,23494.34,-0.577,0.027,0.803,123.838,1.18071,104.885
645,2020-10-27,12063.57,3390.68,23485.8,-0.616,0.024,0.771,123.114,1.17802,104.509
646,2020-10-28,11560.51,3271.03,23418.51,-0.627,0.02,0.774,122.54,1.17485,104.302
647,2020-10-29,11598.07,3310.11,23331.94,-0.638,0.024,0.831,122.093,1.16698,104.623
648,2020-10-30,11556.48,3269.96,22977.13,-0.627,0.036,0.874,121.907,1.16466,104.672
649,2020-11-02,11788.28,3310.24,23295.48,-0.64,0.04,0.847,121.936,1.16404,104.753
650,2020-11-04,12324.22,3443.44,23695.23,-0.64,0.034,0.768,122.504,1.17213,104.514
651,2020-11-05,12568.09,3510.45,24105.28,-0.637,0.015,0.765,122.515,1.18232,103.622
652,2020-11-06,12480.02,3509.44,24325.23,-0.621,0.014,0.82,122.715,1.18797,103.298
653,2020-11-09,13095.97,3550.5,24839.84,-0.511,0.014,0.927,124.383,1.18171,105.257
654,2020-11-10,13163.11,3545.53,24905.59,-0.486,0.043,0.963,124.406,1.18188,105.261
655,2020-11-12,13052.95,3537.01,25520.88,-0.537,0.025,0.883,124.125,1.18069,105.129
656,2020-11-13,13076.72,3585.15,25385.87,-0.549,0.019,0.9,123.82,1.18338,104.633
657,2020-11-16,13138.61,3626.91,25906.93,-0.545,0.02,0.908,123.997,1.1856,104.585
658,2020-11-17,13133.47,3609.53,26014.62,-0.563,0.019,0.862,123.607,1.18632,104.193
659,2020-11-18,13201.89,3567.79,25728.14,-0.554,0.014,0.869,123.059,1.18517,103.832
660,2020-11-19,13086.16,3581.87,25634.34,-0.572,0.02,0.844,123.202,1.18705,103.7835
661,2020-11-20,13137.25,3557.54,25527.37,-0.585,0.019,0.823,123.123,1.1859,103.822
662,2020-11-24,13292.44,3635.41,26165.59,-0.564,0.02,0.885,124.25,1.18922,104.481
663,2020-11-25,13289.8,3629.65,26296.86,-0.567,0.015,0.882,124.455,1.19154,104.4525
664,2020-11-27,13335.68,3638.35,26644.71,-0.59,0.025,0.842,124.459,1.19607,104.0565
665,2020-11-30,13291.16,3621.63,26433.62,-0.572,0.026,0.842,124.496,1.19308,104.349
666,2020-12-01,13382.3,3662.45,26787.54,-0.529,0.015,0.929,125.935,1.20722,104.321
667,2020-12-02,13313.24,3669.01,26800.98,-0.521,0.019,0.938,126.492,1.21128,104.428
668,2020-12-03,13252.86,3666.72,26809.37,-0.557,0.02,0.91,126.14,1.21448,103.864
669,2020-12-04,13298.96,3699.12,26751.24,-0.547,0.019,0.973,126.328,1.21268,104.173
670,2020-12-07,13271.0,3691.96,26547.44,-0.582,0.017,0.924,126.005,1.21104,104.047
671,2020-12-08,13278.49,3702.25,26467.08,-0.609,0.013,0.921,126.096,1.21061,104.159
672,2020-12-09,13340.26,3672.82,26817.94,-0.607,0.015,0.939,125.987,1.20807,104.288
673,2020-12-10,13295.73,3668.1,26756.24,-0.604,0.02,0.906,126.565,1.21416,104.24
674,2020-12-11,13114.3,3663.46,26652.52,-0.636,0.004,0.898,126.05,1.21158,104.038
675,2020-12-14,13223.16,3647.49,26732.44,-0.622,0.02,0.895,126.346,1.21457,104.026
676,2020-12-15,13362.87,3694.62,26687.84,-0.613,0.002,0.911,125.992,1.21514,103.685
677,2020-12-16,13565.98,3701.17,26757.4,-0.568,0.007,0.92,126.185,1.21978,103.449
678,2020-12-17,13667.25,3722.48,26806.67,-0.572,0.005,0.935,126.496,1.22671,103.1125
679,2020-12-18,13630.51,3709.41,26763.39,-0.573,0.009,0.946,126.514,1.22452,103.3175
680,2020-12-21,13246.3,3694.92,26714.42,-0.582,0.007,0.935,126.474,1.22386,103.341
681,2020-12-22,13418.11,3687.26,26436.39,-0.597,0.007,0.921,126.051,1.21643,103.624
682,2020-12-23,13587.23,3690.01,26524.79,-0.548,0.005,0.946,126.224,1.21904,103.544
683,2020-12-28,13790.29,3735.36,26854.03,-0.567,0.015,0.926,126.703,1.22092,103.776
684,2020-12-29,13761.38,3727.04,27568.15,-0.575,0.019,0.938,126.889,1.22534,103.554
685,2020-12-30,13718.78,3732.04,27444.17,-0.571,0.018,0.925,126.928,1.22974,103.215
686,2021-01-04,13726.74,3700.65,27258.38,-0.606,0.014,0.913,126.336,1.22506,103.127
687,2021-01-05,13651.22,3726.86,27158.63,-0.575,0.02,0.958,126.31,1.22968,102.718
688,2021-01-06,13891.97,3748.14,27055.94,-0.556,0.015,1.036,127.062,1.2328,103.068
689,2021-01-07,13968.24,3803.79,27490.13,-0.555,0.036,1.083,127.38,1.22661,103.848
690,2021-01-08,14049.53,3824.68,28139.03,-0.521,0.035,1.117,127.076,1.22238,103.958
691,2021-01-12,13925.06,3801.19,28164.34,-0.468,0.029,1.129,126.673,1.22055,103.783
692,2021-01-13,13939.71,3809.84,28456.59,-0.522,0.025,1.092,126.275,1.2157,103.87
693,2021-01-14,13988.7,3795.54,28698.26,-0.551,0.03,1.131,126.165,1.21519,103.824
694,2021-01-15,13787.73,3768.25,28519.18,-0.544,0.029,1.085,125.476,1.20778,103.89
695,2021-01-19,13815.06,3798.91,28633.46,-0.527,0.04,1.09,126.033,1.21283,103.917
696,2021-01-20,13921.37,3851.85,28523.26,-0.529,0.035,1.079,125.43,1.211,103.575
697,2021-01-21,13906.67,3853.07,28756.86,-0.498,0.028,1.109,125.948,1.21678,103.508
698,2021-01-22,13873.97,3841.47,28631.45,-0.515,0.035,1.089,126.318,1.21663,103.826
699,2021-01-25,13643.95,3855.36,28822.29,-0.551,0.034,1.033,126.013,1.21436,103.769
700,2021-01-26,13870.99,3849.62,28546.18,-0.535,0.029,1.036,126.047,1.2162,103.64
701,2021-01-27,13620.46,3750.77,28635.21,-0.548,0.035,1.018,126.023,1.21089,104.075
702,2021-01-28,13665.93,3787.38,28197.42,-0.54,0.035,1.05,126.346,1.2122,104.229
703,2021-01-29,13432.87,3714.24,27663.39,-0.518,0.053,1.069,127.127,1.2136,104.751
704,2021-02-01,13622.02,3773.86,28091.05,-0.517,0.055,1.081,126.59,1.20619,104.951
705,2021-02-02,13835.16,3826.31,28362.17,-0.491,0.051,1.1,126.464,1.20439,105.003
706,2021-02-03,13933.63,3830.17,28646.5,-0.466,0.055,1.137,126.399,1.20338,105.036
707,2021-02-04,14060.29,3871.74,28341.95,-0.456,0.054,1.139,126.262,1.19648,105.527
708,2021-02-05,14056.72,3886.83,28779.19,-0.449,0.054,1.169,126.984,1.20487,105.393
709,2021-02-08,14059.91,3915.59,29388.5,-0.447,0.064,1.172,126.833,1.2052,105.238
710,2021-02-09,14011.8,3911.23,29505.93,-0.449,0.064,1.16,126.729,1.21197,104.564
711,2021-02-10,13932.97,3909.88,29562.93,-0.438,0.074,1.124,126.787,1.2119,104.617
712,2021-02-12,14049.89,3934.83,29520.07,-0.43,0.061,1.212,127.2,1.21179,104.969
713,2021-02-16,14064.6,3932.59,30467.75,-0.351,0.075,1.311,128.417,1.21028,106.106
714,2021-02-17,13909.27,3931.33,30292.19,-0.368,0.094,1.274,127.525,1.2045,105.8805
715,2021-02-18,13886.93,3913.97,30236.09,-0.347,0.089,1.297,127.789,1.20908,105.692
716,2021-02-19,13993.23,3906.71,30017.92,-0.308,0.099,1.34,127.78,1.21163,105.461
717,2021-02-22,13950.04,3876.5,30156.03,-0.341,0.115,1.369,127.767,1.21605,105.067
718,2021-02-24,13976.0,3925.43,29671.7,-0.305,0.114,1.374,128.807,1.21663,105.872
719,2021-02-25,13879.33,3829.34,30168.27,-0.23,0.142,1.541,129.437,1.21828,106.246
720,2021-02-26,13786.29,3811.15,28966.01,-0.262,0.148,1.413,128.617,1.20657,106.598
721,2021-03-01,14012.82,3901.82,29663.5,-0.335,0.144,1.42,128.669,1.20504,106.776
722,2021-03-02,14039.8,3870.29,29408.17,-0.354,0.123,1.395,128.944,1.20843,106.704
723,2021-03-03,14080.03,3819.72,29559.1,-0.292,0.114,1.484,129.09,1.20634,107.009
724,2021-03-04,14056.34,3768.47,28930.11,-0.313,0.131,1.567,129.303,1.19751,107.977
725,2021-03-05,13920.69,3841.94,28864.32,-0.306,0.085,1.568,129.106,1.19156,108.351
726,2021-03-08,14380.91,3821.35,28743.25,-0.279,0.124,1.594,129.07,1.18489,108.93
727,2021-03-09,14437.94,3875.44,29027.94,-0.299,0.123,1.528,129.165,1.19022,108.522
728,2021-03-10,14540.25,3898.81,29036.56,-0.315,0.119,1.52,129.315,1.19262,108.429
729,2021-03-11,14569.39,3939.34,29211.64,-0.335,0.099,1.54,130.058,1.19833,108.532
730,2021-03-12,14502.39,3943.34,29717.83,-0.307,0.11,1.626,130.387,1.19611,109.009
731,2021-03-15,14461.42,3968.94,29766.97,-0.34,0.104,1.607,130.155,1.19247,109.148
732,2021-03-16,14557.58,3962.71,29921.09,-0.337,0.094,1.621,129.729,1.19019,108.998
733,2021-03-17,14596.61,3974.12,29914.33,-0.292,0.089,1.646,130.396,1.19786,108.857
734,2021-03-18,14775.52,3915.46,30216.75,-0.266,0.099,1.706,129.861,1.19172,108.969
735,2021-03-19,14621.0,3913.1,29792.05,-0.294,0.109,1.73,129.619,1.19048,108.88
736,2021-03-22,14657.21,3940.59,29174.15,-0.312,0.077,1.695,129.846,1.19338,108.806
737,2021-03-23,14662.02,3910.52,28995.92,-0.345,0.074,1.622,128.688,1.18474,108.622
738,2021-03-24,14610.39,3889.14,28405.52,-0.353,0.064,1.614,128.456,1.18118,108.752
739,2021-03-25,14621.36,3909.52,28729.88,-0.389,0.081,1.633,128.528,1.17738,109.164
740,2021-03-26,14748.94,3974.54,29176.7,-0.347,0.074,1.674,129.315,1.17929,109.655
741,2021-03-29,14817.72,3971.09,29384.52,-0.324,0.065,1.71,129.228,1.17656,109.8205
742,2021-03-30,15008.61,3958.55,29432.7,-0.289,0.085,1.712,129.317,1.17177,110.3605
743,2021-03-31,15008.34,3972.89,29178.8,-0.294,0.111,1.739,129.864,1.17279,110.731
744,2021-04-01,15107.17,4019.87,29388.87,-0.329,0.106,1.672,130.233,1.17756,110.595
745,2021-04-06,15212.68,4073.94,29696.63,-0.317,0.103,1.66,130.334,1.18722,109.78
746,2021-04-07,15176.36,4079.95,29730.79,-0.325,0.094,1.676,130.383,1.18697,109.845
747,2021-04-08,15202.68,4097.17,29708.98,-0.338,0.09,1.624,130.198,1.19153,109.27
748,2021-04-09,15234.16,4128.8,29768.06,-0.303,0.099,1.662,130.515,1.19031,109.648
749,2021-04-12,15215.0,4127.99,29538.73,-0.295,0.104,1.668,130.31,1.19126,109.389
750,2021-04-13,15234.36,4141.59,29751.61,-0.294,0.099,1.618,130.32,1.195,109.054
751,2021-04-14,15209.15,4124.66,29620.99,-0.259,0.084,1.632,130.497,1.19789,108.939
752,2021-04-15,15255.33,4170.42,29642.69,-0.292,0.084,1.579,130.139,1.19674,108.744
753,2021-04-16,15459.75,4185.47,29683.37,-0.264,0.084,1.582,130.332,1.19809,108.783
754,2021-04-19,15368.39,4163.26,29685.37,-0.237,0.079,1.6082,130.19,1.20374,108.154
755,2021-04-20,15129.51,4134.94,29100.38,-0.2645,0.079,1.5607,130.077,1.20351,108.081
756,2021-04-21,15195.97,4173.42,28508.55,-0.2635,0.069,1.5573,130.075,1.20361,108.07
757,2021-04-22,15320.52,4134.98,29188.17,-0.2535,0.067,1.5398,129.735,1.20169,107.96
758,2021-04-23,15279.62,4180.17,29020.63,-0.2585,0.065,1.5613,130.546,1.20996,107.892
759,2021-04-26,15296.34,4187.62,29126.23,-0.2545,0.069,1.5684,130.651,1.20866,108.095
760,2021-04-27,15249.27,4186.72,28991.89,-0.2505,0.079,1.6252,131.435,1.20891,108.722
761,2021-04-28,15292.18,4183.18,29053.97,-0.231,0.089,1.611,131.686,1.21255,108.603
762,2021-04-30,15135.91,4181.17,28812.63,-0.2045,0.089,1.624,131.408,1.20234,109.293
763,2021-05-06,15196.74,4201.62,29331.37,-0.228,0.084,1.568,131.599,1.20634,109.089
764,2021-05-07,15399.65,4232.6,29357.82,-0.2155,0.082,1.579,132.131,1.21664,108.604
765,2021-05-10,15400.41,4188.43,29518.34,-0.215,0.079,1.604,132.053,1.21313,108.853
766,2021-05-11,15119.75,4152.1,28608.59,-0.163,0.072,1.623,131.965,1.21498,108.615
767,2021-05-12,15150.22,4063.04,28147.51,-0.125,0.074,1.693,132.387,1.20713,109.671
768,2021-05-13,15199.68,4112.5,27448.01,-0.1215,0.088,1.657,132.266,1.20821,109.4545
769,2021-05-14,15416.64,4173.85,28084.47,-0.1285,0.079,1.633,132.784,1.2143,109.35
770,2021-05-17,15396.62,4163.29,27824.83,-0.1155,0.074,1.652,132.722,1.21529,109.21
771,2021-05-18,15386.58,4127.83,28406.84,-0.1065,0.074,1.64,133.125,1.22247,108.899
772,2021-05-19,15113.56,4115.68,28044.45,-0.111,0.076,1.674,132.96,1.21765,109.193
773,2021-05-20,15370.26,4159.12,28098.25,-0.1095,0.079,1.628,133.031,1.22296,108.778
774,2021-05-21,15437.51,4155.86,28317.83,-0.1305,0.079,1.623,132.717,1.21868,108.902
775,2021-05-25,15465.09,4188.13,28553.98,-0.168,0.069,1.56,133.243,1.225,108.7695
776,2021-05-26,15450.72,4195.99,28642.19,-0.2065,0.069,1.579,133.083,1.21944,109.135
777,2021-05-27,15406.73,4200.88,28549.01,-0.172,0.069,1.61,133.929,1.21949,109.823
778,2021-05-28,15519.98,4204.11,29149.41,-0.1865,0.08,1.581,133.939,1.21947,109.834
779,2021-06-01,15567.36,4202.04,28814.34,-0.179,0.074,1.606,133.712,1.22143,109.471
780,2021-06-02,15602.71,4208.12,28946.14,-0.1995,0.075,1.589,133.798,1.22119,109.563
781,2021-06-03,15632.67,4192.85,29058.11,-0.1845,0.079,1.625,133.762,1.21273,110.299
782,2021-06-04,15692.9,4229.89,28941.52,-0.2135,0.079,1.557,133.234,1.21688,109.488
783,2021-06-07,15677.15,4226.52,29019.24,-0.1995,0.074,1.57,133.203,1.21918,109.256
784,2021-06-08,15640.6,4227.26,28963.56,-0.226,0.071,1.536,133.291,1.21731,109.496
785,2021-06-09,15581.14,4219.55,28860.8,-0.245,0.064,1.492,133.512,1.21789,109.625
786,2021-06-10,15571.22,4239.18,28958.56,-0.2565,0.044,1.435,133.123,1.21741,109.35
787,2021-06-11,15693.27,4247.44,28948.73,-0.2735,0.029,1.454,132.783,1.21091,109.6565
788,2021-06-14,15673.64,4255.15,29161.8,-0.252,0.034,1.497,133.411,1.21201,110.075
789,2021-06-15,15729.52,4246.59,29441.3,-0.2345,0.045,1.494,133.485,1.21292,110.053
790,2021-06-16,15710.57,4223.7,29291.01,-0.2505,0.046,1.579,132.713,1.19938,110.651
791,2021-06-17,15727.67,4221.86,29018.33,-0.199,0.059,1.514,131.28,1.19063,110.261
792,2021-06-18,15448.04,4166.45,28964.08,-0.2025,0.055,1.443,130.738,1.18682,110.1585
793,2021-06-21,15603.24,4224.79,28010.93,-0.173,0.041,1.492,131.468,1.19189,110.302
794,2021-06-22,15636.33,4246.44,28884.13,-0.1625,0.048,1.467,132.124,1.19399,110.658
795,2021-06-23,15456.39,4241.84,28874.89,-0.1785,0.051,1.487,132.377,1.19279,110.981
796,2021-06-24,15589.23,4266.49,28875.23,-0.189,0.051,1.497,132.249,1.19308,110.847
797,2021-06-25,15607.97,4280.7,29066.18,-0.1555,0.045,1.526,132.266,1.19414,110.762
798,2021-06-28,15554.18,4290.61,29048.02,-0.192,0.054,1.48,131.929,1.19271,110.613
799,2021-06-29,15690.59,4291.8,28812.61,-0.1715,0.062,1.473,131.586,1.19018,110.56
800,2021-06-30,15531.04,4297.5,28791.53,-0.2095,0.055,1.47,131.75,1.1859,111.097
801,2021-07-01,15603.81,4319.94,28707.04,-0.2035,0.034,1.459,132.167,1.18497,111.536
802,2021-07-02,15650.09,4352.34,28783.28,-0.2365,0.043,1.431,131.738,1.18657,111.025
803,2021-07-06,15511.38,4343.54,28643.21,-0.268,0.037,1.35,130.785,1.18219,110.63
804,2021-07-07,15692.71,4358.13,28366.95,-0.2995,0.029,1.321,130.482,1.17939,110.636
805,2021-07-08,15420.64,4320.82,28118.03,-0.3075,0.025,1.294,130.007,1.18449,109.758
806,2021-07-09,15687.93,4369.55,27940.42,-0.2935,0.025,1.361,130.813,1.18795,110.117
807,2021-07-12,15790.51,4384.63,28569.02,-0.2965,0.024,1.368,130.898,1.1862,110.351
808,2021-07-13,15789.64,4369.21,28718.24,-0.2955,0.02,1.42,130.291,1.1778,110.622
809,2021-07-14,15788.98,4374.3,28608.49,-0.3205,0.009,1.349,130.163,1.18368,109.964
810,2021-07-15,15629.66,4360.03,28279.09,-0.3345,0.012,1.301,129.75,1.18129,109.837
811,2021-07-16,15540.31,4327.16,28003.08,-0.3535,0.02,1.3,129.911,1.18043,110.054
812,2021-07-19,15133.2,4258.49,27652.74,-0.387,0.015,1.195,129.157,1.17973,109.4785
813,2021-07-20,15216.27,4323.06,27388.16,-0.4115,0.007,1.225,129.446,1.17817,109.87
814,2021-07-21,15422.5,4358.69,27548.0,-0.391,0.02,1.292,130.105,1.17967,110.289
815,2021-07-26,15618.98,4422.3,27833.29,-0.4185,0.006,1.295,130.282,1.18027,110.383
816,2021-07-27,15519.13,4401.46,27970.22,-0.4435,0.014,1.241,129.733,1.18183,109.774
817,2021-07-28,15570.36,4400.64,27581.66,-0.4505,0.019,1.234,130.226,1.18452,109.939
818,2021-07-29,15640.47,4419.15,27782.42,-0.4505,0.014,1.271,130.159,1.18886,109.482
819,2021-07-30,15544.39,4395.26,27283.59,-0.4615,0.013,1.226,130.133,1.18611,109.714
820,2021-08-02,15568.73,4387.16,27781.02,-0.4875,0.005,1.179,129.789,1.18725,109.319
821,2021-08-03,15555.08,4423.15,27641.83,-0.4825,0.005,1.172,129.373,1.18634,109.052
822,2021-08-04,15692.13,4402.66,27584.08,-0.5015,0.008,1.182,129.588,1.18364,109.4805
823,2021-08-05,15744.67,4429.1,27728.12,-0.5015,0.004,1.225,129.902,1.18345,109.7675
824,2021-08-06,15761.45,4436.52,27820.04,-0.457,0.024,1.3,129.612,1.17586,110.2275
825,2021-08-10,15770.71,4436.75,27888.15,-0.457,0.026,1.352,129.585,1.17205,110.563
826,2021-08-11,15826.09,4442.41,28070.51,-0.4655,0.025,1.335,129.655,1.17409,110.43
827,2021-08-12,15937.51,4460.83,28015.02,-0.461,0.019,1.361,129.544,1.17314,110.425
828,2021-08-13,15977.44,4468.0,27977.15,-0.469,0.013,1.282,129.25,1.17973,109.559
829,2021-08-16,15925.73,4479.71,27523.19,-0.47,0.019,1.268,128.705,1.17774,109.281
830,2021-08-17,15921.95,4448.08,27424.47,-0.472,0.006,1.267,128.327,1.17111,109.577
831,2021-08-18,15965.97,4400.27,27585.91,-0.4825,0.019,1.26,128.571,1.171,109.796
832,2021-08-19,15765.81,4405.8,27281.17,-0.4915,0.02,1.243,128.179,1.1678,109.761
833,2021-08-20,15808.04,4441.67,27013.25,-0.4965,0.005,1.255,128.456,1.17021,109.772
834,2021-08-23,15852.79,4479.53,27494.24,-0.482,0.014,1.255,128.835,1.17462,109.682
835,2021-08-24,15905.85,4486.23,27732.1,-0.479,0.015,1.297,128.907,1.17564,109.648
836,2021-08-25,15860.66,4496.19,27724.8,-0.4225,0.014,1.349,129.494,1.17709,110.012
837,2021-08-26,15793.62,4470.0,27742.29,-0.409,0.014,1.351,129.369,1.17544,110.061
838,2021-08-27,15851.75,4509.37,27641.14,-0.4245,0.02,1.31,129.556,1.17964,109.827
839,2021-08-30,15887.31,4528.79,27789.29,-0.44,0.017,1.282,129.667,1.17982,109.9015
840,2021-08-31,15835.09,4522.68,28089.54,-0.3845,0.019,1.31,129.902,1.18094,110.007
841,2021-09-01,15824.29,4524.09,28451.02,-0.3745,0.025,1.297,130.263,1.18399,110.0245
842,2021-09-02,15840.59,4536.95,28543.51,-0.386,0.029,1.287,130.55,1.18757,109.9425
843,2021-09-03,15781.2,4535.43,29128.11,-0.3625,0.034,1.326,130.32,1.18803,109.6945
844,2021-09-07,15843.09,4520.03,29916.14,-0.324,0.034,1.375,130.618,1.18441,110.273
845,2021-09-08,15610.28,4514.07,30181.21,-0.3235,0.039,1.338,130.333,1.18176,110.2835
846,2021-09-09,15623.15,4493.28,30008.19,-0.362,0.035,1.299,129.771,1.18256,109.7425
847,2021-09-10,15609.81,4458.58,30381.84,-0.3305,0.039,1.343,129.785,1.18126,109.8695
848,2021-09-13,15701.42,4468.73,30447.37,-0.3315,0.04,1.327,129.926,1.18112,110.005
849,2021-09-14,15722.99,4443.05,30670.1,-0.3405,0.043,1.284,129.523,1.1806,109.7035
850,2021-09-15,15616.0,4480.7,30511.71,-0.307,0.032,1.304,129.227,1.18161,109.3645
851,2021-09-16,15651.75,4473.75,30323.34,-0.3025,0.039,1.336,129.135,1.17685,109.7255
852,2021-09-17,15490.17,4432.99,30500.05,-0.286,0.045,1.363,128.956,1.17305,109.9325
853,2021-09-21,15348.53,4354.19,29839.71,-0.3185,0.039,1.326,128.071,1.17259,109.226
854,2021-09-22,15506.74,4395.64,29639.4,-0.3265,0.033,1.302,128.382,1.16933,109.791
855,2021-09-24,15531.75,4455.48,30248.81,-0.2285,0.056,1.454,129.76,1.17168,110.7475
856,2021-09-27,15573.88,4443.11,30240.06,-0.2245,0.057,1.489,129.828,1.16986,110.984
857,2021-09-28,15248.56,4352.63,30183.96,-0.2005,0.074,1.546,130.292,1.16846,111.51
858,2021-09-29,15365.27,4359.46,29544.29,-0.2135,0.064,1.518,129.846,1.15975,111.9625
859,2021-09-30,15260.69,4307.54,29452.66,-0.2005,0.06,1.489,128.897,1.15822,111.2945
860,2021-10-01,15156.44,4357.04,28771.07,-0.2265,0.05,1.463,128.771,1.15983,111.026
861,2021-10-04,15036.55,4300.46,28444.89,-0.216,0.047,1.481,128.88,1.16196,110.9155
862,2021-10-05,15194.49,4345.72,27822.12,-0.1885,0.059,1.529,129.277,1.15968,111.477
863,2021-10-06,14973.33,4363.55,27528.87,-0.1825,0.074,1.522,128.746,1.15549,111.421
864,2021-10-07,15250.86,4399.76,27678.21,-0.1865,0.068,1.575,128.998,1.15566,111.6235
865,2021-10-08,15206.13,4391.34,28048.94,-0.151,0.079,1.615,129.843,1.15713,112.212
866,2021-10-12,15146.87,4350.65,28230.61,-0.0855,0.092,1.572,131.004,1.1531,113.611
867,2021-10-13,15249.38,4363.8,28140.28,-0.1245,0.086,1.538,131.36,1.15984,113.2575
868,2021-10-14,15462.72,4438.26,28550.93,-0.1875,0.079,1.514,131.843,1.15985,113.6725
869,2021-10-15,15587.36,4471.37,29068.63,-0.168,0.074,1.574,132.519,1.16032,114.209
870,2021-10-18,15474.47,4486.46,29025.46,-0.1495,0.089,1.604,132.732,1.16106,114.319
871,2021-10-19,15515.83,4519.63,29215.52,-0.1045,0.087,1.641,133.037,1.16314,114.3775
872,2021-10-20,15522.92,4536.19,29255.55,-0.126,0.089,1.658,133.202,1.16493,114.343
873,2021-10-21,15472.56,4549.78,28708.58,-0.1025,0.084,1.705,132.543,1.16257,114.008
874,2021-10-22,15542.98,4544.9,28804.85,-0.1095,0.095,1.636,132.083,1.16432,113.442
875,2021-10-25,15599.23,4566.48,28600.41,-0.1155,0.094,1.633,132.035,1.16117,113.7085
876,2021-10-26,15757.06,4574.79,29106.01,-0.1215,0.102,1.61,132.341,1.15932,114.1535
877,2021-10-27,15705.81,4551.68,29098.24,-0.1795,0.086,1.552,132.058,1.16026,113.8185
878,2021-10-28,15696.33,4596.42,28820.09,-0.141,0.084,1.582,132.673,1.16821,113.569
879,2021-10-29,15688.77,4605.38,28892.69,-0.108,0.097,1.561,131.753,1.15596,113.977
880,2021-11-01,15806.29,4613.67,29647.08,-0.1055,0.097,1.561,132.318,1.16021,114.046
881,2021-11-02,15954.45,4630.65,29520.9,-0.168,0.071,1.547,131.963,1.15791,113.966
882,2021-11-04,16029.65,4680.06,29794.37,-0.227,0.068,1.53,131.501,1.15531,113.823
883,2021-11-05,16054.36,4697.53,29611.57,-0.281,0.058,1.453,131.177,1.15672,113.404
884,2021-11-08,16046.52,4701.7,29507.05,-0.2445,0.057,1.492,131.215,1.15857,113.256
885,2021-11-09,16040.47,4685.25,29285.46,-0.2995,0.051,1.439,130.877,1.15924,112.8985
886,2021-11-10,16067.83,4646.71,29106.78,-0.2495,0.067,1.553,130.75,1.14797,113.8965
887,2021-11-12,16094.07,4682.85,29609.97,-0.2605,0.069,1.565,130.352,1.14464,113.881
888,2021-11-15,16148.64,4682.8,29776.8,-0.2295,0.07,1.618,129.736,1.13663,114.14
889,2021-11-16,16247.86,4700.9,29808.12,-0.2435,0.077,1.639,130.013,1.13217,114.8355
890,2021-11-17,16251.13,4688.67,29688.33,-0.248,0.069,1.587,129.207,1.1318,114.161
891,2021-11-18,16221.73,4704.54,29598.66,-0.277,0.077,1.587,129.929,1.13717,114.257
892,2021-11-19,16159.97,4697.96,29745.87,-0.344,0.074,1.55,128.683,1.12884,113.996
893,2021-11-22,16115.69,4682.94,29774.11,-0.3045,0.07,1.63,129.065,1.12379,114.8485
894,2021-11-24,15878.39,4701.46,29302.66,-0.23,0.083,1.641,129.286,1.12009,115.4255
895,2021-11-26,15257.04,4594.62,28751.62,-0.338,0.065,1.482,128.243,1.1324,113.2485
896,2021-11-29,15280.86,4655.27,28283.92,-0.319,0.068,1.502,128.286,1.12896,113.632
897,2021-11-30,15100.13,4567.0,27821.76,-0.351,0.051,1.448,128.34,1.13386,113.188
898,2021-12-01,15472.67,4513.04,27935.62,-0.345,0.057,1.405,127.704,1.13182,112.8305
899,2021-12-02,15263.11,4577.1,27753.37,-0.372,0.059,1.446,127.933,1.13012,113.2025
900,2021-12-03,15169.98,4538.43,28029.57,-0.389,0.049,1.346,127.538,1.13093,112.773
901,2021-12-06,15380.79,4591.67,27927.37,-0.393,0.038,1.438,128.062,1.12828,113.5015
902,2021-12-07,15813.94,4686.75,28455.6,-0.378,0.05,1.477,127.979,1.12686,113.571
903,2021-12-08,15687.09,4701.21,28860.62,-0.313,0.044,1.525,129.01,1.1342,113.7455
904,2021-12-09,15639.26,4667.45,28725.47,-0.356,0.043,1.502,128.145,1.1293,113.472
905,2021-12-10,15623.31,4712.02,28437.77,-0.348,0.042,1.487,128.36,1.13172,113.42
906,2021-12-13,15621.72,4668.97,28640.49,-0.3835,0.044,1.419,128.154,1.1283,113.582
907,2021-12-14,15453.56,4634.09,28432.64,-0.37,0.046,1.444,128.048,1.12573,113.7465
908,2021-12-15,15476.35,4709.85,28459.72,-0.3645,0.046,1.462,128.807,1.12941,114.0485
909,2021-12-16,15636.4,4668.67,29066.32,-0.353,0.038,1.419,128.855,1.1331,113.718
910,2021-12-17,15531.69,4620.64,28545.68,-0.383,0.042,1.406,127.815,1.12369,113.746
911,2021-12-20,15239.67,4568.02,27937.81,-0.371,0.035,1.428,128.166,1.12793,113.629
912,2021-12-21,15447.44,4649.23,28517.59,-0.309,0.05,1.462,128.693,1.12811,114.0785
913,2021-12-22,15593.47,4696.56,28562.21,-0.295,0.059,1.455,129.231,1.13242,114.1185
914,2021-12-23,15756.31,4725.79,28798.37,-0.253,0.059,1.493,129.646,1.13289,114.4385
915,2021-12-27,15835.25,4791.19,28676.46,-0.2455,0.058,1.479,130.125,1.13269,114.8805
916,2021-12-28,15963.7,4786.35,29069.16,-0.239,0.059,1.484,129.82,1.1307,114.814
917,2021-12-29,15852.25,4793.06,28906.88,-0.1875,0.055,1.553,130.493,1.13483,114.989
918,2021-12-30,15884.86,4778.73,28791.71,-0.183,0.064,1.512,130.303,1.13239,115.0695
919,2022-01-04,16152.61,4793.54,29301.79,-0.124,0.084,1.651,131.071,1.12853,116.143
920,2022-01-05,16271.75,4700.58,29332.16,-0.126,0.083,1.709,131.345,1.13104,116.1275
921,2022-01-06,16052.03,4696.05,28487.87,-0.0685,0.124,1.723,130.877,1.12967,115.8535
922,2022-01-07,15947.74,4677.03,28478.56,-0.0455,0.129,1.765,131.294,1.13613,115.562
923,2022-01-11,15941.81,4713.07,28222.48,-0.029,0.148,1.739,131.11,1.13688,115.324
924,2022-01-12,16010.32,4726.35,28765.66,-0.058,0.125,1.745,131.213,1.14411,114.685
925,2022-01-13,16031.59,4659.03,28489.13,-0.091,0.129,1.706,130.82,1.1457,114.184
926,2022-01-14,15883.24,4662.85,28124.28,-0.0465,0.15,1.791,130.345,1.14148,114.19
927,2022-01-18,15772.56,4577.11,28257.25,-0.0185,0.143,1.877,129.824,1.13278,114.606
928,2022-01-19,15809.72,4532.76,27467.23,-0.011,0.137,1.866,129.712,1.13424,114.361
929,2022-01-20,15912.33,4482.73,27772.93,-0.027,0.138,1.808,129.088,1.13125,114.111
930,2022-01-21,15603.88,4397.94,27522.26,-0.0655,0.129,1.77,128.898,1.13416,113.651
931,2022-01-24,15011.13,4410.13,27588.37,-0.1055,0.131,1.772,129.084,1.13263,113.968
932,2022-01-25,15123.87,4356.45,27131.34,-0.0795,0.132,1.776,128.693,1.13027,113.8595
933,2022-01-26,15459.39,4349.93,27011.33,-0.0765,0.134,1.867,128.909,1.12412,114.675
934,2022-01-27,15524.27,4326.51,26170.3,-0.062,0.155,1.799,128.524,1.11455,115.3145
935,2022-01-28,15318.95,4431.85,26717.34,-0.0485,0.164,1.777,128.5,1.11501,115.245
936,2022-01-31,15471.2,4515.55,27001.98,0.0085,0.172,1.78,129.299,1.12318,115.119
937,2022-02-01,15619.39,4546.54,27078.48,0.0335,0.177,1.795,129.276,1.12711,114.6965
938,2022-02-02,15613.77,4589.38,27533.6,0.0415,0.173,1.775,129.37,1.1304,114.446
939,2022-02-03,15368.47,4477.44,27241.31,0.138,0.173,1.832,131.522,1.14396,114.9715
940,2022-02-04,15099.56,4500.53,27439.99,0.2055,0.191,1.912,131.954,1.14551,115.192
941,2022-02-07,15206.64,4483.87,27248.87,0.2265,0.202,1.918,131.679,1.14418,115.0865
942,2022-02-08,15242.38,4521.54,27284.52,0.2625,0.203,1.965,131.933,1.14176,115.5525
943,2022-02-09,15482.01,4587.18,27579.87,0.21,0.203,1.943,131.979,1.14215,115.5525
944,2022-02-10,15490.44,4504.08,27696.08,0.279,0.23,2.033,132.619,1.1428,116.047
945,2022-02-14,15113.97,4401.67,27079.59,0.2805,0.213,1.987,130.621,1.13048,115.545
946,2022-02-15,15412.71,4471.07,26865.19,0.3055,0.214,2.045,131.321,1.13577,115.623
947,2022-02-16,15370.3,4475.01,27460.4,0.2745,0.213,2.038,131.359,1.13756,115.474
948,2022-02-17,15267.63,4380.26,27232.87,0.2275,0.215,1.965,130.615,1.1362,114.9585
949,2022-02-18,15042.51,4348.87,27122.07,0.187,0.206,1.927,130.333,1.1325,115.084
950,2022-02-22,14693.0,4304.76,26449.61,0.2385,0.191,1.941,130.327,1.13267,115.0615
951,2022-02-24,14052.1,4288.7,25970.82,0.1645,0.191,1.969,129.334,1.11967,115.511
952,2022-02-25,14567.23,4384.65,26476.5,0.2235,0.203,1.963,130.159,1.12659,115.533
953,2022-02-28,14461.02,4373.94,26526.82,0.129,0.178,1.818,129.036,1.12205,115.001
954,2022-03-01,13904.85,4306.26,26844.72,-0.0935,0.137,1.731,127.77,1.11195,114.9065
955,2022-03-02,14000.11,4386.54,26393.03,0.0195,0.149,1.885,128.45,1.11195,115.518
956,2022-03-03,13698.4,4363.49,26577.27,0.0135,0.174,1.842,127.782,1.10662,115.47
957,2022-03-04,13094.54,4328.87,25985.47,-0.0755,0.148,1.734,125.548,1.09349,114.814
958,2022-03-07,12834.65,4201.09,25221.41,-0.0185,0.139,1.772,125.19,1.08542,115.338
959,2022-03-08,12831.51,4170.7,24790.95,0.1085,0.161,1.846,126.103,1.09016,115.674
960,2022-03-09,13847.93,4277.88,24717.53,0.2135,0.158,1.95,128.267,1.10693,115.8765
961,2022-03-10,13442.1,4259.52,25690.4,0.2685,0.184,1.99,127.61,1.09881,116.135
962,2022-03-11,13628.11,4204.31,25162.78,0.2415,0.18,1.999,127.925,1.09104,117.251
963,2022-03-14,13929.11,4173.11,25307.85,0.3655,0.209,2.142,129.334,1.09348,118.277
964,2022-03-15,13917.27,4262.45,25346.48,0.3245,0.207,2.149,129.736,1.09649,118.319
965,2022-03-16,14440.74,4357.86,25762.01,0.3895,0.199,2.192,130.956,1.10183,118.853
966,2022-03-17,14388.06,4411.67,26652.89,0.3775,0.201,2.167,131.527,1.10938,118.558
967,2022-03-18,14413.09,4463.12,26827.43,0.3705,0.203,2.153,131.663,1.10498,119.1535
968,2022-03-22,14473.2,4511.61,27224.11,0.4995,0.213,2.381,133.698,1.10321,121.191
969,2022-03-23,14283.65,4456.24,28040.16,0.464,0.223,2.29,133.234,1.10023,121.096
970,2022-03-24,14273.79,4520.16,28110.39,0.5295,0.233,2.37,134.694,1.10056,122.387
971,2022-03-25,14305.76,4543.06,28149.84,0.5835,0.233,2.488,134.098,1.09835,122.091
972,2022-03-28,14417.37,4575.52,27943.89,0.5815,0.248,2.462,136.122,1.09869,123.894
973,2022-03-29,14820.33,4631.6,28252.42,0.632,0.245,2.396,136.254,1.10879,122.8845
974,2022-03-30,14606.05,4602.45,28027.25,0.6445,0.216,2.354,135.996,1.11585,121.8765
975,2022-03-31,14414.75,4530.41,27821.43,0.5455,0.208,2.342,134.674,1.10673,121.686
976,2022-04-01,14446.48,4545.86,27665.98,0.5605,0.217,2.391,135.376,1.10477,122.538
977,2022-04-04,14518.16,4582.64,27736.47,0.5025,0.206,2.397,134.746,1.09735,122.793
978,2022-04-05,14424.36,4525.12,27787.98,0.6115,0.203,2.554,134.807,1.09063,123.6045
979,2022-04-06,14151.69,4481.15,27350.3,0.6455,0.237,2.601,134.907,1.08979,123.792
980,2022-04-07,14078.15,4500.21,26888.57,0.6795,0.229,2.662,134.867,1.08794,123.9655
981,2022-04-08,14283.67,4488.28,26985.8,0.7045,0.224,2.708,135.268,1.08777,124.353
982,2022-04-11,14192.78,4412.53,26821.52,0.8155,0.236,2.784,136.491,1.08841,125.4035
983,2022-04-12,14124.95,4397.45,26334.98,0.7905,0.238,2.725,135.769,1.08284,125.383
984,2022-04-13,14076.44,4446.59,26843.49,0.764,0.236,2.703,136.877,1.089,125.6905
985,2022-04-14,14163.85,4392.59,27172.0,0.8395,0.234,2.828,136.368,1.08288,125.9305
986,2022-04-19,14153.46,4462.21,26985.09,0.911,0.242,2.94,139.126,1.079,128.9395
987,2022-04-20,14362.03,4459.45,27217.85,0.848,0.24,2.832,138.848,1.08499,127.972
988,2022-04-21,14502.41,4393.66,27553.06,0.9455,0.244,2.913,139.157,1.08366,128.414
989,2022-04-22,14142.09,4271.78,27105.26,0.9705,0.245,2.902,138.735,1.0793,128.542
990,2022-04-25,13924.17,4296.12,26590.78,0.8335,0.244,2.824,137.298,1.07135,128.1535
991,2022-04-26,13756.4,4175.2,26700.11,0.8135,0.22,2.724,135.356,1.06395,127.22
992,2022-04-27,13793.94,4183.96,26386.63,0.8015,0.241,2.83,135.623,1.05555,128.4855
993,2022-04-28,13979.84,4287.5,26847.9,0.8985,0.215,2.826,137.402,1.05,130.859
994,2022-05-02,13939.07,4155.38,26818.53,0.9635,0.224,2.987,136.826,1.05077,130.2145
995,2022-05-06,13674.29,4123.34,27003.56,1.1295,0.238,3.14,137.698,1.0548,130.545
996,2022-05-09,13380.67,3991.24,26319.34,1.092,0.235,3.032,137.649,1.05587,130.366
997,2022-05-10,13534.74,4001.05,26167.1,0.997,0.244,2.989,137.349,1.05299,130.438
998,2022-05-11,13828.64,3935.18,26213.64,0.981,0.243,2.927,136.668,1.05154,129.97
999,2022-05-12,13739.64,3930.08,25748.72,0.8355,0.24,2.852,133.324,1.03808,128.434
1000,2022-05-13,14027.93,4023.89,26427.65,0.944,0.241,2.922,134.521,1.04017,129.326
1001,2022-05-16,13964.38,4008.01,26547.05,0.936,0.238,2.888,134.715,1.04366,129.0795
1002,2022-05-17,14185.94,4088.85,26659.75,1.0415,0.241,2.988,136.479,1.05499,129.3655
1003,2022-05-18,14007.76,3923.68,26911.2,1.0275,0.238,2.888,134.259,1.0463,128.3185
1004,2022-05-19,13882.3,3900.79,26402.84,0.947,0.236,2.842,135.211,1.05837,127.754
1005,2022-05-20,13981.91,3901.36,26739.03,0.9405,0.234,2.785,134.984,1.05573,127.858
1006,2022-05-23,14175.4,3973.75,27001.52,1.012,0.236,2.853,136.724,1.06897,127.9025
1007,2022-05-24,13919.75,3941.48,26748.14,0.968,0.226,2.754,136.155,1.07332,126.8545
1008,2022-05-25,14007.93,3978.73,26677.8,0.9475,0.204,2.749,135.923,1.06812,127.2545
1009,2022-05-26,14231.29,4057.84,26604.84,1.0,0.239,2.752,136.423,1.07317,127.1215
1010,2022-05-27,14462.19,4158.24,26781.68,0.9595,0.221,2.743,136.456,1.07336,127.13
1011,2022-05-31,14388.35,4132.15,27279.8,1.122,0.236,2.848,138.136,1.07331,128.7015
1012,2022-06-01,14340.47,4101.23,27457.89,1.1855,0.231,2.911,138.642,1.06527,130.148
1013,2022-06-02,14485.17,4176.82,27413.88,1.2345,0.237,2.911,139.585,1.07479,129.872
1014,2022-06-03,14460.09,4108.54,27761.57,1.2725,0.231,2.941,140.283,1.07207,130.853
1015,2022-06-06,14653.81,4121.43,27915.89,1.3155,0.238,3.047,141.076,1.06949,131.91
1016,2022-06-07,14556.62,4160.68,27943.95,1.288,0.244,2.977,142.002,1.07059,132.639
1017,2022-06-08,14445.99,4115.77,28234.29,1.352,0.243,3.025,143.863,1.07172,134.236
1018,2022-06-09,14198.8,4017.82,28246.53,1.426,0.255,3.046,142.713,1.06187,134.398
1019,2022-06-10,13761.83,3900.86,27824.29,1.515,0.249,3.163,141.353,1.05188,134.382
1020,2022-06-13,13427.03,3749.63,26987.44,1.631,0.25,3.366,139.918,1.04091,134.4195
1021,2022-06-14,13304.39,3735.48,26629.86,1.752,0.25,3.473,141.201,1.04157,135.566
1022,2022-06-15,13485.29,3789.99,26326.16,1.6385,0.227,3.29,139.83,1.04468,133.85
1023,2022-06-16,13038.49,3666.77,26431.2,1.7095,0.25,3.201,139.68,1.0556,132.323
1024,2022-06-17,13126.26,3674.84,25963.0,1.658,0.225,3.231,141.642,1.04939,134.976
1025,2022-06-21,13292.4,3764.79,26246.31,1.7675,0.232,3.279,143.992,1.05356,136.672
1026,2022-06-22,13144.28,3759.89,26149.55,1.634,0.235,3.162,143.853,1.05649,136.162
1027,2022-06-23,12912.59,3795.73,26171.25,1.4245,0.223,3.093,141.997,1.05224,134.9475
1028,2022-06-24,13118.13,3911.74,26491.97,1.4375,0.214,3.136,142.76,1.0559,135.203
1029,2022-06-27,13186.07,3900.11,26871.27,1.544,0.23,3.202,143.374,1.0585,135.451
1030,2022-06-28,13231.82,3821.55,27049.47,1.622,0.227,3.177,143.246,1.05221,136.1385
1031,2022-06-29,13003.35,3818.83,26804.6,1.516,0.227,3.089,142.595,1.04417,136.5635
1032,2022-06-30,12783.77,3785.38,26393.04,1.3345,0.224,3.015,142.27,1.04807,135.745
1033,2022-07-01,12813.03,3825.33,25935.62,1.2305,0.21,2.889,141.103,1.04291,135.298
1034,2022-07-05,12401.2,3831.39,26423.47,1.172,0.209,2.807,139.449,1.02655,135.8425
1035,2022-07-06,12594.52,3845.08,26107.65,1.155,0.246,2.932,138.428,1.01839,135.929
1036,2022-07-07,12843.22,3902.62,26490.53,1.308,0.252,3.0,138.234,1.01625,136.024
1037,2022-07-08,13015.23,3899.38,26517.19,1.344,0.239,3.084,138.486,1.01782,136.062
1038,2022-07-11,12832.44,3854.43,26812.3,1.245,0.239,2.998,137.959,1.00381,137.436
1039,2022-07-12,12905.48,3818.8,26336.66,1.1295,0.229,2.971,137.354,1.00355,136.869
1040,2022-07-13,12756.32,3801.78,26478.77,1.141,0.228,2.935,138.195,1.00568,137.4145
1041,2022-07-14,12519.66,3790.38,26643.39,1.1715,0.227,2.961,139.247,1.00189,138.985
1042,2022-07-15,12864.72,3863.16,26788.47,1.131,0.224,2.93,139.667,1.00824,138.526
1043,2022-07-19,13308.41,3936.69,26961.68,1.271,0.239,3.026,141.338,1.02283,138.184
1044,2022-07-20,13281.98,3959.9,27680.26,1.2535,0.236,3.025,140.73,1.01796,138.2475
1045,2022-07-21,13246.64,3998.95,27803.0,1.2205,0.233,2.877,140.516,1.0228,137.384
1046,2022-07-22,13253.68,3961.63,27914.66,1.0365,0.207,2.75,138.87,1.02115,135.994
1047,2022-07-25,13210.32,3966.84,27699.25,1.0195,0.2,2.805,139.685,1.02212,136.662
1048,2022-07-26,13096.93,3921.05,27655.21,0.922,0.2,2.809,138.546,1.01191,136.916
1049,2022-07-27,13166.38,4023.61,27715.75,0.942,0.199,2.779,139.325,1.02011,136.579
1050,2022-07-28,13282.11,4072.43,27815.48,0.824,0.198,2.671,136.95,1.01955,134.324
1051,2022-07-29,13484.05,4130.29,27801.64,0.811,0.179,2.658,136.305,1.02209,133.36
1052,2022-08-01,13479.63,4118.63,27993.35,0.7755,0.181,2.582,135.071,1.02589,131.663
1053,2022-08-02,13449.2,4091.19,27594.73,0.8145,0.168,2.743,135.372,1.01645,133.1815
1054,2022-08-03,13587.56,4155.17,27741.9,0.8715,0.181,2.706,136.112,1.01697,133.8415
1055,2022-08-04,13662.68,4151.94,27932.2,0.7995,0.171,2.694,136.291,1.0246,133.0195
1056,2022-08-05,13573.93,4145.19,28175.87,0.9535,0.162,2.827,137.457,1.01784,135.048
1057,2022-08-08,13687.69,4140.06,28249.24,0.893,0.167,2.754,137.615,1.01942,134.9935
1058,2022-08-09,13534.97,4122.47,27999.96,0.9165,0.166,2.781,137.985,1.02136,135.0995
1059,2022-08-10,13700.93,4210.24,27819.33,0.885,0.184,2.783,136.856,1.03,132.8705
1060,2022-08-12,13795.85,4280.15,28546.98,0.985,0.184,2.842,136.964,1.02605,133.487
1061,2022-08-15,13816.61,4297.14,28871.78,0.9025,0.184,2.793,135.437,1.01617,133.2825
1062,2022-08-16,13910.12,4305.2,28868.91,0.9725,0.166,2.809,136.498,1.01683,134.239
1063,2022-08-17,13626.71,4274.04,29222.77,1.081,0.184,2.899,137.501,1.01773,135.1055
1064,2022-08-18,13697.41,4283.74,28942.14,1.1015,0.195,2.886,137.069,1.00876,135.879
1065,2022-08-19,13544.52,4228.48,28930.33,1.2325,0.197,2.976,137.345,1.00405,136.791
1066,2022-08-22,13230.57,4137.99,28794.5,1.302,0.214,3.026,136.736,0.99441,137.5045
1067,2022-08-23,13194.23,4128.73,28452.75,1.3195,0.213,3.053,136.33,0.99699,136.741
1068,2022-08-24,13220.06,4140.77,28313.47,1.3685,0.223,3.108,136.678,0.99685,137.1095
1069,2022-08-25,13271.96,4199.12,28479.01,1.3165,0.221,3.03,136.176,0.99766,136.495
1070,2022-08-26,12971.47,4057.66,28641.38,1.385,0.216,3.024,136.984,0.99657,137.456
1071,2022-08-29,12892.99,4030.61,27878.96,1.5,0.24,3.11,138.717,0.99993,138.7275
1072,2022-08-30,12961.14,3986.16,28195.58,1.5045,0.221,3.112,139.014,1.00172,138.7755
1073,2022-08-31,12834.96,3955.0,28091.53,1.5355,0.221,3.196,139.798,1.0051,139.089
1074,2022-09-01,12630.23,3966.85,27661.47,1.557,0.236,3.261,139.463,0.99459,140.2205
1075,2022-09-02,13050.27,3924.26,27650.84,1.5185,0.235,3.193,139.588,0.99535,140.24
1076,2022-09-06,12871.44,3908.19,27626.51,1.629,0.235,3.34,141.407,0.99042,142.775
1077,2022-09-07,12915.97,3979.87,27430.3,1.574,0.243,3.267,143.862,1.0008,143.7475
1078,2022-09-08,12904.32,4006.18,28065.28,1.7145,0.245,3.323,144.084,0.99976,144.119
1079,2022-09-09,13088.21,4067.36,28214.75,1.6925,0.241,3.319,143.343,1.00456,142.693
1080,2022-09-12,13402.27,4110.41,28542.11,1.652,0.241,3.358,144.535,1.01204,142.8155
1081,2022-09-13,13188.95,3932.69,28614.63,1.725,0.239,3.412,144.204,0.99665,144.689
1082,2022-09-14,13028.0,3946.01,27818.62,1.7075,0.248,3.406,142.873,0.99808,143.148
1083,2022-09-15,12956.66,3901.35,27875.91,1.761,0.25,3.449,143.432,0.99964,143.4845
1084,2022-09-16,12741.26,3873.33,27567.65,1.745,0.251,3.4533,143.1,1.00131,142.913
1085,2022-09-20,12670.83,3855.93,27688.42,1.928,0.251,3.569,143.31,0.99706,143.732
1086,2022-09-21,12767.15,3789.93,27313.13,1.88,0.253,3.534,141.785,0.98409,144.077
1087,2022-09-22,12531.63,3757.99,27153.83,1.969,0.23,3.71,140.023,0.98372,142.339
1088,2022-09-26,12227.92,3655.04,26431.55,2.0925,0.245,3.929,139.042,0.96096,144.69
1089,2022-09-27,12139.68,3647.29,26571.87,2.23,0.246,3.949,138.938,0.95957,144.7925
1090,2022-09-28,12183.28,3719.04,26173.98,2.1155,0.245,3.737,140.275,0.97345,144.1005
1091,2022-09-29,11975.55,3640.47,26422.05,2.204,0.245,3.781,141.847,0.98184,144.47
1092,2022-09-30,12114.36,3585.62,25937.21,2.1145,0.24,3.829,141.834,0.98004,144.722
1093,2022-10-03,12209.48,3678.43,26215.79,1.912,0.236,3.643,142.057,0.98231,144.6145
1094,2022-10-04,12670.48,3790.93,26992.21,1.871,0.224,3.635,144.009,0.99843,144.2355
1095,2022-10-05,12517.18,3783.28,27120.53,2.017,0.241,3.755,142.945,0.98849,144.6095
1096,2022-10-06,12470.78,3744.52,27311.3,2.0925,0.244,3.828,142.112,0.97945,145.094
1097,2022-10-07,12273.0,3639.66,27116.11,2.191,0.244,3.888,141.552,0.9738,145.36
1098,2022-10-11,12220.25,3588.84,26401.25,2.3055,0.248,3.945,141.504,0.9705,145.8045
1099,2022-10-12,12172.26,3577.03,26396.83,2.3135,0.248,3.902,142.548,0.97058,146.869
1100,2022-10-13,12355.58,3669.91,26237.42,2.278,0.243,3.95,143.88,0.97764,147.171
1101,2022-10-14,12437.81,3583.07,27090.76,2.336,0.244,4.022,144.549,0.97267,148.61
1102,2022-10-17,12649.03,3677.95,26775.79,2.2835,0.249,4.013,146.619,0.98409,148.9885
1103,2022-10-18,12765.61,3719.98,27156.14,2.2805,0.249,4.007,147.146,0.98625,149.198
1104,2022-10-19,12741.41,3695.16,27257.38,2.376,0.249,4.138,146.464,0.97735,149.8585
1105,2022-10-20,12767.41,3665.78,27006.96,2.42,0.247,4.232,146.919,0.97858,150.134
1106,2022-10-21,12730.9,3752.75,26890.58,2.415,0.249,4.219,145.586,0.98616,147.629
1107,2022-10-24,12931.45,3797.34,26974.9,2.3145,0.249,4.247,147.129,0.98719,149.038
1108,2022-10-25,13052.96,3859.11,27250.28,2.1785,0.247,4.1,147.602,0.99668,148.094
1109,2022-10-26,13195.81,3830.6,27431.84,2.1145,0.247,4.007,147.578,1.00814,146.387
1110,2022-10-27,13211.23,3807.3,27345.24,1.963,0.249,3.927,145.813,0.99671,146.2945
1111,2022-10-28,13243.33,3901.06,27105.2,2.0975,0.239,4.01,146.925,0.99661,147.425
1112,2022-10-31,13253.74,3871.98,27587.46,2.14,0.239,4.05,146.973,0.98849,148.684
1113,2022-11-01,13338.74,3856.1,27678.92,2.1295,0.246,4.048,146.307,0.987449,148.167
1114,2022-11-02,13256.74,3759.69,27663.39,2.1275,0.246,4.096,145.19,0.9815,147.926
1115,2022-11-04,13459.85,3770.55,27199.74,2.2875,0.248,4.163,146.056,0.99587,146.661
1116,2022-11-07,13533.52,3806.8,27527.64,2.3385,0.249,4.218,146.874,1.0018,146.611
1117,2022-11-08,13688.75,3828.11,27872.11,2.275,0.245,4.128,146.745,1.00737,145.672
1118,2022-11-09,13666.32,3748.57,27716.43,2.1675,0.246,4.099,146.613,1.00118,146.441
1119,2022-11-10,14146.09,3956.37,27446.1,2.004,0.246,3.811,144.507,1.01979,141.703
1120,2022-11-14,14313.3,3957.25,27963.47,2.147,0.236,3.863,144.588,1.03229,140.066
1121,2022-11-15,14378.51,3991.73,27990.17,2.069,0.237,3.777,144.115,1.03458,139.2985
1122,2022-11-16,14234.03,3958.79,28028.3,1.973,0.241,3.69,144.996,1.03944,139.495
1123,2022-11-17,14266.38,3946.56,27930.57,2.019,0.236,3.769,145.399,1.03642,140.29
1124,2022-11-18,14431.86,3965.34,27899.77,2.0165,0.243,3.829,144.942,1.03238,140.396
1125,2022-11-21,14379.93,3949.94,27944.79,2.0205,0.239,3.84,145.549,1.02424,142.105
1126,2022-11-22,14422.35,4003.58,28115.74,1.9805,0.241,3.758,145.499,1.03046,141.199
1127,2022-11-25,14541.38,4026.12,28283.03,1.966,0.247,3.691,144.754,1.04095,139.0595
1128,2022-11-28,14383.36,3963.94,28162.83,1.9805,0.246,3.679,143.665,1.03424,138.909
1129,2022-11-29,14355.45,3957.63,28027.84,1.9315,0.246,3.75,143.235,1.03286,138.6785
1130,2022-11-30,14397.04,4080.11,27968.99,1.8855,0.249,3.611,143.741,1.04096,138.085
1131,2022-12-01,14490.3,4076.57,28226.08,1.7895,0.247,3.51,142.41,1.05233,135.329
1132,2022-12-02,14529.39,4071.7,27777.9,1.816,0.247,3.492,141.474,1.0533,134.315
1133,2022-12-05,14447.61,3998.84,27820.4,1.883,0.248,3.583,143.503,1.04948,136.738
1134,2022-12-06,14343.19,3941.26,27885.87,1.783,0.249,3.531,143.383,1.04661,136.998
1135,2022-12-07,14261.19,3933.92,27686.4,1.761,0.246,3.421,143.384,1.05088,136.442
1136,2022-12-08,14264.56,3963.51,27574.43,1.8375,0.247,3.489,144.265,1.0557,136.6535
1137,2022-12-09,14370.72,3934.38,27901.01,1.9345,0.248,3.586,143.949,1.05307,136.695
1138,2022-12-12,14306.63,3990.56,27842.33,1.956,0.246,3.617,144.934,1.05366,137.553
1139,2022-12-13,14497.89,4019.65,27954.85,1.9205,0.246,3.501,144.065,1.0633,135.489
1140,2022-12-14,14460.2,3995.32,28156.21,1.932,0.246,3.479,144.659,1.06815,135.43
1141,2022-12-15,13986.23,3895.75,28051.7,2.079,0.251,3.45,146.433,1.06302,137.752
1142,2022-12-16,13893.07,3852.36,27527.12,2.148,0.245,3.488,144.797,1.05925,136.698
1143,2022-12-19,13942.87,3817.66,27237.64,2.198,0.251,3.59,145.22,1.06085,136.8905
1144,2022-12-20,13884.66,3821.62,26568.03,2.288,0.391,3.692,139.996,1.06245,131.7675
1145,2022-12-21,14097.82,3878.44,26387.72,2.303,0.465,3.673,140.39,1.06061,132.3675
1146,2022-12-22,13914.07,3822.39,26507.87,2.3595,0.384,3.686,140.33,1.05988,132.4025
1147,2022-12-23,13940.93,3844.82,26235.25,2.403,0.374,3.751,141.076,1.06165,132.884
1148,2022-12-27,13995.1,3829.25,26447.87,2.5035,0.457,3.849,142.035,1.06412,133.477
1149,2022-12-28,13925.6,3783.22,26340.5,2.508,0.444,3.886,142.585,1.06166,134.304
1150,2022-12-29,14071.72,3849.28,26093.67,2.449,0.442,3.82,141.831,1.06619,133.0265
1151,2022-12-30,13923.59,3839.5,26094.5,2.568,0.408,3.879,140.532,1.07049,131.279
1152,2023-01-04,14490.78,3852.97,25716.86,2.2825,0.447,3.69,140.429,1.0607,132.393
1153,2023-01-05,14436.31,3808.1,25820.8,2.291,0.421,3.722,140.381,1.05219,133.418
1154,2023-01-06,14610.02,3895.08,25973.85,2.195,0.498,3.56,140.638,1.06461,132.103
1155,2023-01-10,14774.6,3919.25,26175.56,2.274,0.503,3.615,141.925,1.07365,132.19
1156,2023-01-11,14947.91,3969.61,26446.0,2.1525,0.496,3.543,142.468,1.07581,132.429
1157,2023-01-12,15058.3,3983.17,26449.82,2.127,0.508,3.444,140.279,1.0849,129.3015
1158,2023-01-13,15086.52,3999.09,26119.52,2.171,0.506,3.498,138.522,1.0832,127.883
1159,2023-01-17,15187.07,3990.97,26138.68,2.08,0.502,3.549,138.379,1.07921,128.2225
1160,2023-01-18,15181.8,3928.86,26791.12,2.0215,0.425,3.373,138.964,1.0792,128.766
1161,2023-01-19,14920.36,3898.85,26405.23,2.064,0.402,3.399,139.094,1.08311,128.4215
1162,2023-01-20,15033.56,3972.61,26553.53,2.169,0.346,3.482,140.681,1.08565,129.583
1163,2023-01-23,15102.95,4019.81,26906.04,2.2,0.38,3.521,141.981,1.08709,130.6065
1164,2023-01-24,15093.11,4016.95,27299.19,2.1515,0.409,3.455,141.705,1.08869,130.1615
1165,2023-01-25,15081.64,4016.22,27395.01,2.143,0.435,3.451,141.351,1.09146,129.507
1166,2023-01-26,15132.85,4060.43,27362.75,2.209,0.461,3.506,141.769,1.08912,130.1685
1167,2023-01-27,15150.03,4070.56,27382.56,2.2225,0.48,3.507,141.117,1.08655,129.877
1168,2023-01-30,15126.08,4017.77,27433.4,2.3055,0.476,3.542,141.479,1.08513,130.38
1169,2023-01-31,15128.27,4076.6,27327.11,2.2715,0.487,3.51,141.305,1.08621,130.0905
1170,2023-02-01,15180.74,4119.21,27346.88,2.2885,0.478,3.417,141.668,1.09885,128.9245
1171,2023-02-02,15509.19,4179.76,27402.05,2.07,0.492,3.402,140.335,1.09088,128.644
1172,2023-02-03,15476.43,4136.48,27509.46,2.2095,0.482,3.519,141.55,1.07935,131.144
1173,2023-02-06,15345.91,4111.08,27693.65,2.2935,0.492,3.644,142.271,1.07275,132.623
1174,2023-02-07,15320.88,4164.0,27685.47,2.3565,0.491,3.679,140.633,1.07297,131.0695
1175,2023-02-08,15412.05,4117.86,27606.46,2.3355,0.488,3.615,140.732,1.07146,131.346
